numStates 209
numActions 4
start 48
end 36
transition 0 0 1 -1 1.0
transition 1 1 0 -1 0.6000000000000001
transition 1 0 0 -1 0.4
transition 1 1 2 -1 0.4
transition 1 0 2 -1 0.6000000000000001
transition 2 3 17 -1 0.4666666666666667
transition 2 1 17 -1 0.26666666666666666
transition 2 0 17 -1 0.26666666666666666
transition 2 3 1 -1 0.26666666666666666
transition 2 1 1 -1 0.4666666666666667
transition 2 0 1 -1 0.26666666666666666
transition 2 3 3 -1 0.26666666666666666
transition 2 1 3 -1 0.26666666666666666
transition 2 0 3 -1 0.4666666666666667
transition 3 1 2 -1 0.6000000000000001
transition 3 0 2 -1 0.4
transition 3 1 4 -1 0.4
transition 3 0 4 -1 0.6000000000000001
transition 4 1 3 -1 0.6000000000000001
transition 4 0 3 -1 0.4
transition 4 1 5 -1 0.4
transition 4 0 5 -1 0.6000000000000001
transition 5 1 4 -1 0.6000000000000001
transition 5 0 4 -1 0.4
transition 5 1 6 -1 0.4
transition 5 0 6 -1 0.6000000000000001
transition 6 3 18 -1 0.4666666666666667
transition 6 1 18 -1 0.26666666666666666
transition 6 0 18 -1 0.26666666666666666
transition 6 3 5 -1 0.26666666666666666
transition 6 1 5 -1 0.4666666666666667
transition 6 0 5 -1 0.26666666666666666
transition 6 3 7 -1 0.26666666666666666
transition 6 1 7 -1 0.26666666666666666
transition 6 0 7 -1 0.4666666666666667
transition 7 1 6 -1 0.6000000000000001
transition 7 0 6 -1 0.4
transition 7 1 8 -1 0.4
transition 7 0 8 -1 0.6000000000000001
transition 8 1 7 -1 0.6000000000000001
transition 8 0 7 -1 0.4
transition 8 1 9 -1 0.4
transition 8 0 9 -1 0.6000000000000001
transition 9 1 8 -1 0.6000000000000001
transition 9 0 8 -1 0.4
transition 9 1 10 -1 0.4
transition 9 0 10 -1 0.6000000000000001
transition 10 1 9 -1 0.6000000000000001
transition 10 0 9 -1 0.4
transition 10 1 11 -1 0.4
transition 10 0 11 -1 0.6000000000000001
transition 11 1 10 -1 0.6000000000000001
transition 11 0 10 -1 0.4
transition 11 1 12 -1 0.4
transition 11 0 12 -1 0.6000000000000001
transition 12 3 19 -1 0.6000000000000001
transition 12 1 19 -1 0.4
transition 12 3 11 -1 0.4
transition 12 1 11 -1 0.6000000000000001
transition 13 3 20 -1 0.6000000000000001
transition 13 0 20 -1 0.4
transition 13 3 14 -1 0.4
transition 13 0 14 -1 0.6000000000000001
transition 14 1 13 -1 0.6000000000000001
transition 14 0 13 -1 0.4
transition 14 1 15 -1 0.4
transition 14 0 15 -1 0.6000000000000001
transition 15 3 21 -1 0.6000000000000001
transition 15 1 21 -1 0.4
transition 15 3 14 -1 0.4
transition 15 1 14 -1 0.6000000000000001
transition 16 3 22 -1 1.0
transition 17 2 2 -1 0.6000000000000001
transition 17 3 2 -1 0.4
transition 17 2 25 -1 0.4
transition 17 3 25 -1 0.6000000000000001
transition 18 2 6 -1 0.6000000000000001
transition 18 3 6 -1 0.4
transition 18 2 28 -1 0.4
transition 18 3 28 -1 0.6000000000000001
transition 19 2 12 -1 0.6000000000000001
transition 19 3 12 -1 0.4
transition 19 2 31 -1 0.4
transition 19 3 31 -1 0.6000000000000001
transition 20 2 13 -1 0.6000000000000001
transition 20 3 13 -1 0.4
transition 20 2 32 -1 0.4
transition 20 3 32 -1 0.6000000000000001
transition 21 2 15 -1 0.6000000000000001
transition 21 3 15 -1 0.4
transition 21 2 34 -1 0.4
transition 21 3 34 -1 0.6000000000000001
transition 22 2 16 -1 0.6000000000000001
transition 22 3 16 -1 0.4
transition 22 2 36 100000000 0.4
transition 22 3 36 100000000 0.6000000000000001
transition 23 0 24 -1 1.0
transition 24 1 23 -1 0.6000000000000001
transition 24 0 23 -1 0.4
transition 24 1 25 -1 0.4
transition 24 0 25 -1 0.6000000000000001
transition 25 2 17 -1 0.6000000000000001
transition 25 1 17 -1 0.4
transition 25 2 24 -1 0.4
transition 25 1 24 -1 0.6000000000000001
transition 26 0 27 -1 1.0
transition 27 1 26 -1 0.6000000000000001
transition 27 0 26 -1 0.4
transition 27 1 28 -1 0.4
transition 27 0 28 -1 0.6000000000000001
transition 28 2 18 -1 0.4666666666666667
transition 28 3 18 -1 0.26666666666666666
transition 28 1 18 -1 0.26666666666666666
transition 28 2 37 -1 0.26666666666666666
transition 28 3 37 -1 0.4666666666666667
transition 28 1 37 -1 0.26666666666666666
transition 28 2 27 -1 0.26666666666666666
transition 28 3 27 -1 0.26666666666666666
transition 28 1 27 -1 0.4666666666666667
transition 29 3 38 -1 1.0
transition 30 3 39 -1 1.0
transition 31 2 19 -1 0.6000000000000001
transition 31 3 19 -1 0.4
transition 31 2 40 -1 0.4
transition 31 3 40 -1 0.6000000000000001
transition 32 2 20 -1 0.4666666666666667
transition 32 3 20 -1 0.26666666666666666
transition 32 0 20 -1 0.26666666666666666
transition 32 2 41 -1 0.26666666666666666
transition 32 3 41 -1 0.4666666666666667
transition 32 0 41 -1 0.26666666666666666
transition 32 2 33 -1 0.26666666666666666
transition 32 3 33 -1 0.26666666666666666
transition 32 0 33 -1 0.4666666666666667
transition 33 1 32 -1 0.6000000000000001
transition 33 0 32 -1 0.4
transition 33 1 34 -1 0.4
transition 33 0 34 -1 0.6000000000000001
transition 34 2 21 -1 0.4
transition 34 3 21 -1 0.2
transition 34 1 21 -1 0.2
transition 34 0 21 -1 0.2
transition 34 2 42 -1 0.2
transition 34 3 42 -1 0.4
transition 34 1 42 -1 0.2
transition 34 0 42 -1 0.2
transition 34 2 33 -1 0.2
transition 34 3 33 -1 0.2
transition 34 1 33 -1 0.4
transition 34 0 33 -1 0.2
transition 34 2 35 -1 0.2
transition 34 3 35 -1 0.2
transition 34 1 35 -1 0.2
transition 34 0 35 -1 0.4
transition 35 1 34 -1 0.6000000000000001
transition 35 0 34 -1 0.4
transition 35 1 36 100000000 0.4
transition 35 0 36 100000000 0.6000000000000001
transition 37 2 28 -1 0.6000000000000001
transition 37 3 28 -1 0.4
transition 37 2 48 -1 0.4
transition 37 3 48 -1 0.6000000000000001
transition 38 2 29 -1 0.6000000000000001
transition 38 3 29 -1 0.4
transition 38 2 50 -1 0.4
transition 38 3 50 -1 0.6000000000000001
transition 39 2 30 -1 0.6000000000000001
transition 39 3 30 -1 0.4
transition 39 2 52 -1 0.4
transition 39 3 52 -1 0.6000000000000001
transition 40 2 31 -1 0.6000000000000001
transition 40 3 31 -1 0.4
transition 40 2 54 -1 0.4
transition 40 3 54 -1 0.6000000000000001
transition 41 2 32 -1 0.6000000000000001
transition 41 3 32 -1 0.4
transition 41 2 56 -1 0.4
transition 41 3 56 -1 0.6000000000000001
transition 42 2 34 -1 0.6000000000000001
transition 42 3 34 -1 0.4
transition 42 2 57 -1 0.4
transition 42 3 57 -1 0.6000000000000001
transition 43 3 59 -1 1.0
transition 44 0 45 -1 1.0
transition 45 1 44 -1 0.6000000000000001
transition 45 0 44 -1 0.4
transition 45 1 46 -1 0.4
transition 45 0 46 -1 0.6000000000000001
transition 46 3 60 -1 0.4666666666666667
transition 46 1 60 -1 0.26666666666666666
transition 46 0 60 -1 0.26666666666666666
transition 46 3 45 -1 0.26666666666666666
transition 46 1 45 -1 0.4666666666666667
transition 46 0 45 -1 0.26666666666666666
transition 46 3 47 -1 0.26666666666666666
transition 46 1 47 -1 0.26666666666666666
transition 46 0 47 -1 0.4666666666666667
transition 47 1 46 -1 0.6000000000000001
transition 47 0 46 -1 0.4
transition 47 1 48 -1 0.4
transition 47 0 48 -1 0.6000000000000001
transition 48 2 37 -1 0.4666666666666667
transition 48 1 37 -1 0.26666666666666666
transition 48 0 37 -1 0.26666666666666666
transition 48 2 47 -1 0.26666666666666666
transition 48 1 47 -1 0.4666666666666667
transition 48 0 47 -1 0.26666666666666666
transition 48 2 49 -1 0.26666666666666666
transition 48 1 49 -1 0.26666666666666666
transition 48 0 49 -1 0.4666666666666667
transition 49 1 48 -1 0.6000000000000001
transition 49 0 48 -1 0.4
transition 49 1 50 -1 0.4
transition 49 0 50 -1 0.6000000000000001
transition 50 2 38 -1 0.4666666666666667
transition 50 1 38 -1 0.26666666666666666
transition 50 0 38 -1 0.26666666666666666
transition 50 2 49 -1 0.26666666666666666
transition 50 1 49 -1 0.4666666666666667
transition 50 0 49 -1 0.26666666666666666
transition 50 2 51 -1 0.26666666666666666
transition 50 1 51 -1 0.26666666666666666
transition 50 0 51 -1 0.4666666666666667
transition 51 1 50 -1 0.6000000000000001
transition 51 0 50 -1 0.4
transition 51 1 52 -1 0.4
transition 51 0 52 -1 0.6000000000000001
transition 52 2 39 -1 0.4666666666666667
transition 52 1 39 -1 0.26666666666666666
transition 52 0 39 -1 0.26666666666666666
transition 52 2 51 -1 0.26666666666666666
transition 52 1 51 -1 0.4666666666666667
transition 52 0 51 -1 0.26666666666666666
transition 52 2 53 -1 0.26666666666666666
transition 52 1 53 -1 0.26666666666666666
transition 52 0 53 -1 0.4666666666666667
transition 53 1 52 -1 0.6000000000000001
transition 53 0 52 -1 0.4
transition 53 1 54 -1 0.4
transition 53 0 54 -1 0.6000000000000001
transition 54 2 40 -1 0.4
transition 54 3 40 -1 0.2
transition 54 1 40 -1 0.2
transition 54 0 40 -1 0.2
transition 54 2 61 -1 0.2
transition 54 3 61 -1 0.4
transition 54 1 61 -1 0.2
transition 54 0 61 -1 0.2
transition 54 2 53 -1 0.2
transition 54 3 53 -1 0.2
transition 54 1 53 -1 0.4
transition 54 0 53 -1 0.2
transition 54 2 55 -1 0.2
transition 54 3 55 -1 0.2
transition 54 1 55 -1 0.2
transition 54 0 55 -1 0.4
transition 55 1 54 -1 0.6000000000000001
transition 55 0 54 -1 0.4
transition 55 1 56 -1 0.4
transition 55 0 56 -1 0.6000000000000001
transition 56 2 41 -1 0.4666666666666667
transition 56 3 41 -1 0.26666666666666666
transition 56 1 41 -1 0.26666666666666666
transition 56 2 62 -1 0.26666666666666666
transition 56 3 62 -1 0.4666666666666667
transition 56 1 62 -1 0.26666666666666666
transition 56 2 55 -1 0.26666666666666666
transition 56 3 55 -1 0.26666666666666666
transition 56 1 55 -1 0.4666666666666667
transition 57 2 42 -1 0.6000000000000001
transition 57 3 42 -1 0.4
transition 57 2 63 -1 0.4
transition 57 3 63 -1 0.6000000000000001
transition 58 3 64 -1 1.0
transition 59 2 43 -1 0.6000000000000001
transition 59 3 43 -1 0.4
transition 59 2 65 -1 0.4
transition 59 3 65 -1 0.6000000000000001
transition 60 2 46 -1 0.6000000000000001
transition 60 3 46 -1 0.4
transition 60 2 67 -1 0.4
transition 60 3 67 -1 0.6000000000000001
transition 61 2 54 -1 0.6000000000000001
transition 61 3 54 -1 0.4
transition 61 2 75 -1 0.4
transition 61 3 75 -1 0.6000000000000001
transition 62 2 56 -1 0.6000000000000001
transition 62 3 56 -1 0.4
transition 62 2 76 -1 0.4
transition 62 3 76 -1 0.6000000000000001
transition 63 2 57 -1 0.6000000000000001
transition 63 3 57 -1 0.4
transition 63 2 78 -1 0.4
transition 63 3 78 -1 0.6000000000000001
transition 64 2 58 -1 0.6000000000000001
transition 64 3 58 -1 0.4
transition 64 2 80 -1 0.4
transition 64 3 80 -1 0.6000000000000001
transition 65 2 59 -1 0.6000000000000001
transition 65 3 59 -1 0.4
transition 65 2 81 -1 0.4
transition 65 3 81 -1 0.6000000000000001
transition 66 3 82 -1 1.0
transition 67 2 60 -1 0.6000000000000001
transition 67 0 60 -1 0.4
transition 67 2 68 -1 0.4
transition 67 0 68 -1 0.6000000000000001
transition 68 1 67 -1 0.6000000000000001
transition 68 0 67 -1 0.4
transition 68 1 69 -1 0.4
transition 68 0 69 -1 0.6000000000000001
transition 69 3 83 -1 0.4666666666666667
transition 69 1 83 -1 0.26666666666666666
transition 69 0 83 -1 0.26666666666666666
transition 69 3 68 -1 0.26666666666666666
transition 69 1 68 -1 0.4666666666666667
transition 69 0 68 -1 0.26666666666666666
transition 69 3 70 -1 0.26666666666666666
transition 69 1 70 -1 0.26666666666666666
transition 69 0 70 -1 0.4666666666666667
transition 70 1 69 -1 0.6000000000000001
transition 70 0 69 -1 0.4
transition 70 1 71 -1 0.4
transition 70 0 71 -1 0.6000000000000001
transition 71 1 70 -1 0.6000000000000001
transition 71 0 70 -1 0.4
transition 71 1 72 -1 0.4
transition 71 0 72 -1 0.6000000000000001
transition 72 1 71 -1 0.6000000000000001
transition 72 0 71 -1 0.4
transition 72 1 73 -1 0.4
transition 72 0 73 -1 0.6000000000000001
transition 73 3 84 -1 0.4666666666666667
transition 73 1 84 -1 0.26666666666666666
transition 73 0 84 -1 0.26666666666666666
transition 73 3 72 -1 0.26666666666666666
transition 73 1 72 -1 0.4666666666666667
transition 73 0 72 -1 0.26666666666666666
transition 73 3 74 -1 0.26666666666666666
transition 73 1 74 -1 0.26666666666666666
transition 73 0 74 -1 0.4666666666666667
transition 74 1 73 -1 0.6000000000000001
transition 74 0 73 -1 0.4
transition 74 1 75 -1 0.4
transition 74 0 75 -1 0.6000000000000001
transition 75 2 61 -1 0.6000000000000001
transition 75 1 61 -1 0.4
transition 75 2 74 -1 0.4
transition 75 1 74 -1 0.6000000000000001
transition 76 2 62 -1 0.6000000000000001
transition 76 0 62 -1 0.4
transition 76 2 77 -1 0.4
transition 76 0 77 -1 0.6000000000000001
transition 77 1 76 -1 0.6000000000000001
transition 77 0 76 -1 0.4
transition 77 1 78 -1 0.4
transition 77 0 78 -1 0.6000000000000001
transition 78 2 63 -1 0.4
transition 78 3 63 -1 0.2
transition 78 1 63 -1 0.2
transition 78 0 63 -1 0.2
transition 78 2 85 -1 0.2
transition 78 3 85 -1 0.4
transition 78 1 85 -1 0.2
transition 78 0 85 -1 0.2
transition 78 2 77 -1 0.2
transition 78 3 77 -1 0.2
transition 78 1 77 -1 0.4
transition 78 0 77 -1 0.2
transition 78 2 79 -1 0.2
transition 78 3 79 -1 0.2
transition 78 1 79 -1 0.2
transition 78 0 79 -1 0.4
transition 79 1 78 -1 0.6000000000000001
transition 79 0 78 -1 0.4
transition 79 1 80 -1 0.4
transition 79 0 80 -1 0.6000000000000001
transition 80 2 64 -1 0.6000000000000001
transition 80 1 64 -1 0.4
transition 80 2 79 -1 0.4
transition 80 1 79 -1 0.6000000000000001
transition 81 2 65 -1 0.6000000000000001
transition 81 3 65 -1 0.4
transition 81 2 86 -1 0.4
transition 81 3 86 -1 0.6000000000000001
transition 82 2 66 -1 0.6000000000000001
transition 82 3 66 -1 0.4
transition 82 2 88 -1 0.4
transition 82 3 88 -1 0.6000000000000001
transition 83 2 69 -1 0.6000000000000001
transition 83 3 69 -1 0.4
transition 83 2 91 -1 0.4
transition 83 3 91 -1 0.6000000000000001
transition 84 2 73 -1 0.6000000000000001
transition 84 3 73 -1 0.4
transition 84 2 94 -1 0.4
transition 84 3 94 -1 0.6000000000000001
transition 85 2 78 -1 0.6000000000000001
transition 85 3 78 -1 0.4
transition 85 2 98 -1 0.4
transition 85 3 98 -1 0.6000000000000001
transition 86 2 81 -1 0.4666666666666667
transition 86 3 81 -1 0.26666666666666666
transition 86 0 81 -1 0.26666666666666666
transition 86 2 101 -1 0.26666666666666666
transition 86 3 101 -1 0.4666666666666667
transition 86 0 101 -1 0.26666666666666666
transition 86 2 87 -1 0.26666666666666666
transition 86 3 87 -1 0.26666666666666666
transition 86 0 87 -1 0.4666666666666667
transition 87 1 86 -1 0.6000000000000001
transition 87 0 86 -1 0.4
transition 87 1 88 -1 0.4
transition 87 0 88 -1 0.6000000000000001
transition 88 2 82 -1 0.4666666666666667
transition 88 1 82 -1 0.26666666666666666
transition 88 0 82 -1 0.26666666666666666
transition 88 2 87 -1 0.26666666666666666
transition 88 1 87 -1 0.4666666666666667
transition 88 0 87 -1 0.26666666666666666
transition 88 2 89 -1 0.26666666666666666
transition 88 1 89 -1 0.26666666666666666
transition 88 0 89 -1 0.4666666666666667
transition 89 1 88 -1 0.6000000000000001
transition 89 0 88 -1 0.4
transition 89 1 90 -1 0.4
transition 89 0 90 -1 0.6000000000000001
transition 90 3 102 -1 0.6000000000000001
transition 90 1 102 -1 0.4
transition 90 3 89 -1 0.4
transition 90 1 89 -1 0.6000000000000001
transition 91 2 83 -1 1.0
transition 92 0 93 -1 1.0
transition 93 1 92 -1 0.6000000000000001
transition 93 0 92 -1 0.4
transition 93 1 94 -1 0.4
transition 93 0 94 -1 0.6000000000000001
transition 94 2 84 -1 0.4
transition 94 3 84 -1 0.2
transition 94 1 84 -1 0.2
transition 94 0 84 -1 0.2
transition 94 2 103 -1 0.2
transition 94 3 103 -1 0.4
transition 94 1 103 -1 0.2
transition 94 0 103 -1 0.2
transition 94 2 93 -1 0.2
transition 94 3 93 -1 0.2
transition 94 1 93 -1 0.4
transition 94 0 93 -1 0.2
transition 94 2 95 -1 0.2
transition 94 3 95 -1 0.2
transition 94 1 95 -1 0.2
transition 94 0 95 -1 0.4
transition 95 1 94 -1 0.6000000000000001
transition 95 0 94 -1 0.4
transition 95 1 96 -1 0.4
transition 95 0 96 -1 0.6000000000000001
transition 96 1 95 -1 1.0
transition 97 3 104 -1 1.0
transition 98 2 85 -1 0.4666666666666667
transition 98 3 85 -1 0.26666666666666666
transition 98 0 85 -1 0.26666666666666666
transition 98 2 105 -1 0.26666666666666666
transition 98 3 105 -1 0.4666666666666667
transition 98 0 105 -1 0.26666666666666666
transition 98 2 99 -1 0.26666666666666666
transition 98 3 99 -1 0.26666666666666666
transition 98 0 99 -1 0.4666666666666667
transition 99 1 98 -1 0.6000000000000001
transition 99 0 98 -1 0.4
transition 99 1 100 -1 0.4
transition 99 0 100 -1 0.6000000000000001
transition 100 3 106 -1 0.6000000000000001
transition 100 1 106 -1 0.4
transition 100 3 99 -1 0.4
transition 100 1 99 -1 0.6000000000000001
transition 101 2 86 -1 0.6000000000000001
transition 101 3 86 -1 0.4
transition 101 2 107 -1 0.4
transition 101 3 107 -1 0.6000000000000001
transition 102 2 90 -1 0.6000000000000001
transition 102 3 90 -1 0.4
transition 102 2 110 -1 0.4
transition 102 3 110 -1 0.6000000000000001
transition 103 2 94 -1 0.6000000000000001
transition 103 3 94 -1 0.4
transition 103 2 115 -1 0.4
transition 103 3 115 -1 0.6000000000000001
transition 104 2 97 -1 0.6000000000000001
transition 104 3 97 -1 0.4
transition 104 2 117 -1 0.4
transition 104 3 117 -1 0.6000000000000001
transition 105 2 98 -1 0.6000000000000001
transition 105 3 98 -1 0.4
transition 105 2 118 -1 0.4
transition 105 3 118 -1 0.6000000000000001
transition 106 2 100 -1 0.6000000000000001
transition 106 3 100 -1 0.4
transition 106 2 119 -1 0.4
transition 106 3 119 -1 0.6000000000000001
transition 107 2 101 -1 0.6000000000000001
transition 107 3 101 -1 0.4
transition 107 2 120 -1 0.4
transition 107 3 120 -1 0.6000000000000001
transition 108 0 109 -1 1.0
transition 109 1 108 -1 0.6000000000000001
transition 109 0 108 -1 0.4
transition 109 1 110 -1 0.4
transition 109 0 110 -1 0.6000000000000001
transition 110 2 102 -1 0.4
transition 110 3 102 -1 0.2
transition 110 1 102 -1 0.2
transition 110 0 102 -1 0.2
transition 110 2 121 -1 0.2
transition 110 3 121 -1 0.4
transition 110 1 121 -1 0.2
transition 110 0 121 -1 0.2
transition 110 2 109 -1 0.2
transition 110 3 109 -1 0.2
transition 110 1 109 -1 0.4
transition 110 0 109 -1 0.2
transition 110 2 111 -1 0.2
transition 110 3 111 -1 0.2
transition 110 1 111 -1 0.2
transition 110 0 111 -1 0.4
transition 111 1 110 -1 0.6000000000000001
transition 111 0 110 -1 0.4
transition 111 1 112 -1 0.4
transition 111 0 112 -1 0.6000000000000001
transition 112 3 122 -1 0.6000000000000001
transition 112 1 122 -1 0.4
transition 112 3 111 -1 0.4
transition 112 1 111 -1 0.6000000000000001
transition 113 0 114 -1 1.0
transition 114 1 113 -1 0.6000000000000001
transition 114 0 113 -1 0.4
transition 114 1 115 -1 0.4
transition 114 0 115 -1 0.6000000000000001
transition 115 2 103 -1 0.4666666666666667
transition 115 3 103 -1 0.26666666666666666
transition 115 1 103 -1 0.26666666666666666
transition 115 2 123 -1 0.26666666666666666
transition 115 3 123 -1 0.4666666666666667
transition 115 1 123 -1 0.26666666666666666
transition 115 2 114 -1 0.26666666666666666
transition 115 3 114 -1 0.26666666666666666
transition 115 1 114 -1 0.4666666666666667
transition 116 3 124 -1 1.0
transition 117 2 104 -1 0.6000000000000001
transition 117 3 104 -1 0.4
transition 117 2 125 -1 0.4
transition 117 3 125 -1 0.6000000000000001
transition 118 2 105 -1 0.6000000000000001
transition 118 3 105 -1 0.4
transition 118 2 126 -1 0.4
transition 118 3 126 -1 0.6000000000000001
transition 119 2 106 -1 1.0
transition 120 2 107 -1 0.6000000000000001
transition 120 3 107 -1 0.4
transition 120 2 127 -1 0.4
transition 120 3 127 -1 0.6000000000000001
transition 121 2 110 -1 0.6000000000000001
transition 121 3 110 -1 0.4
transition 121 2 131 -1 0.4
transition 121 3 131 -1 0.6000000000000001
transition 122 2 112 -1 0.6000000000000001
transition 122 3 112 -1 0.4
transition 122 2 132 -1 0.4
transition 122 3 132 -1 0.6000000000000001
transition 123 2 115 -1 0.6000000000000001
transition 123 3 115 -1 0.4
transition 123 2 136 -1 0.4
transition 123 3 136 -1 0.6000000000000001
transition 124 2 116 -1 0.6000000000000001
transition 124 3 116 -1 0.4
transition 124 2 138 -1 0.4
transition 124 3 138 -1 0.6000000000000001
transition 125 2 117 -1 0.6000000000000001
transition 125 3 117 -1 0.4
transition 125 2 140 -1 0.4
transition 125 3 140 -1 0.6000000000000001
transition 126 2 118 -1 0.6000000000000001
transition 126 3 118 -1 0.4
transition 126 2 142 -1 0.4
transition 126 3 142 -1 0.6000000000000001
transition 127 2 120 -1 0.6000000000000001
transition 127 0 120 -1 0.4
transition 127 2 128 -1 0.4
transition 127 0 128 -1 0.6000000000000001
transition 128 1 127 -1 0.6000000000000001
transition 128 0 127 -1 0.4
transition 128 1 129 -1 0.4
transition 128 0 129 -1 0.6000000000000001
transition 129 3 145 -1 0.4666666666666667
transition 129 1 145 -1 0.26666666666666666
transition 129 0 145 -1 0.26666666666666666
transition 129 3 128 -1 0.26666666666666666
transition 129 1 128 -1 0.4666666666666667
transition 129 0 128 -1 0.26666666666666666
transition 129 3 130 -1 0.26666666666666666
transition 129 1 130 -1 0.26666666666666666
transition 129 0 130 -1 0.4666666666666667
transition 130 1 129 -1 0.6000000000000001
transition 130 0 129 -1 0.4
transition 130 1 131 -1 0.4
transition 130 0 131 -1 0.6000000000000001
transition 131 2 121 -1 0.4666666666666667
transition 131 3 121 -1 0.26666666666666666
transition 131 1 121 -1 0.26666666666666666
transition 131 2 146 -1 0.26666666666666666
transition 131 3 146 -1 0.4666666666666667
transition 131 1 146 -1 0.26666666666666666
transition 131 2 130 -1 0.26666666666666666
transition 131 3 130 -1 0.26666666666666666
transition 131 1 130 -1 0.4666666666666667
transition 132 2 122 -1 0.4666666666666667
transition 132 3 122 -1 0.26666666666666666
transition 132 0 122 -1 0.26666666666666666
transition 132 2 147 -1 0.26666666666666666
transition 132 3 147 -1 0.4666666666666667
transition 132 0 147 -1 0.26666666666666666
transition 132 2 133 -1 0.26666666666666666
transition 132 3 133 -1 0.26666666666666666
transition 132 0 133 -1 0.4666666666666667
transition 133 1 132 -1 0.6000000000000001
transition 133 0 132 -1 0.4
transition 133 1 134 -1 0.4
transition 133 0 134 -1 0.6000000000000001
transition 134 3 148 -1 0.4666666666666667
transition 134 1 148 -1 0.26666666666666666
transition 134 0 148 -1 0.26666666666666666
transition 134 3 133 -1 0.26666666666666666
transition 134 1 133 -1 0.4666666666666667
transition 134 0 133 -1 0.26666666666666666
transition 134 3 135 -1 0.26666666666666666
transition 134 1 135 -1 0.26666666666666666
transition 134 0 135 -1 0.4666666666666667
transition 135 1 134 -1 0.6000000000000001
transition 135 0 134 -1 0.4
transition 135 1 136 -1 0.4
transition 135 0 136 -1 0.6000000000000001
transition 136 2 123 -1 0.4
transition 136 3 123 -1 0.2
transition 136 1 123 -1 0.2
transition 136 0 123 -1 0.2
transition 136 2 149 -1 0.2
transition 136 3 149 -1 0.4
transition 136 1 149 -1 0.2
transition 136 0 149 -1 0.2
transition 136 2 135 -1 0.2
transition 136 3 135 -1 0.2
transition 136 1 135 -1 0.4
transition 136 0 135 -1 0.2
transition 136 2 137 -1 0.2
transition 136 3 137 -1 0.2
transition 136 1 137 -1 0.2
transition 136 0 137 -1 0.4
transition 137 1 136 -1 0.6000000000000001
transition 137 0 136 -1 0.4
transition 137 1 138 -1 0.4
transition 137 0 138 -1 0.6000000000000001
transition 138 2 124 -1 0.4666666666666667
transition 138 1 124 -1 0.26666666666666666
transition 138 0 124 -1 0.26666666666666666
transition 138 2 137 -1 0.26666666666666666
transition 138 1 137 -1 0.4666666666666667
transition 138 0 137 -1 0.26666666666666666
transition 138 2 139 -1 0.26666666666666666
transition 138 1 139 -1 0.26666666666666666
transition 138 0 139 -1 0.4666666666666667
transition 139 1 138 -1 0.6000000000000001
transition 139 0 138 -1 0.4
transition 139 1 140 -1 0.4
transition 139 0 140 -1 0.6000000000000001
transition 140 2 125 -1 0.4
transition 140 3 125 -1 0.2
transition 140 1 125 -1 0.2
transition 140 0 125 -1 0.2
transition 140 2 150 -1 0.2
transition 140 3 150 -1 0.4
transition 140 1 150 -1 0.2
transition 140 0 150 -1 0.2
transition 140 2 139 -1 0.2
transition 140 3 139 -1 0.2
transition 140 1 139 -1 0.4
transition 140 0 139 -1 0.2
transition 140 2 141 -1 0.2
transition 140 3 141 -1 0.2
transition 140 1 141 -1 0.2
transition 140 0 141 -1 0.4
transition 141 1 140 -1 0.6000000000000001
transition 141 0 140 -1 0.4
transition 141 1 142 -1 0.4
transition 141 0 142 -1 0.6000000000000001
transition 142 2 126 -1 0.4
transition 142 3 126 -1 0.2
transition 142 1 126 -1 0.2
transition 142 0 126 -1 0.2
transition 142 2 151 -1 0.2
transition 142 3 151 -1 0.4
transition 142 1 151 -1 0.2
transition 142 0 151 -1 0.2
transition 142 2 141 -1 0.2
transition 142 3 141 -1 0.2
transition 142 1 141 -1 0.4
transition 142 0 141 -1 0.2
transition 142 2 143 -1 0.2
transition 142 3 143 -1 0.2
transition 142 1 143 -1 0.2
transition 142 0 143 -1 0.4
transition 143 1 142 -1 0.6000000000000001
transition 143 0 142 -1 0.4
transition 143 1 144 -1 0.4
transition 143 0 144 -1 0.6000000000000001
transition 144 1 143 -1 1.0
transition 145 2 129 -1 0.6000000000000001
transition 145 3 129 -1 0.4
transition 145 2 153 -1 0.4
transition 145 3 153 -1 0.6000000000000001
transition 146 2 131 -1 0.6000000000000001
transition 146 3 131 -1 0.4
transition 146 2 154 -1 0.4
transition 146 3 154 -1 0.6000000000000001
transition 147 2 132 -1 0.6000000000000001
transition 147 3 132 -1 0.4
transition 147 2 155 -1 0.4
transition 147 3 155 -1 0.6000000000000001
transition 148 2 134 -1 0.6000000000000001
transition 148 3 134 -1 0.4
transition 148 2 156 -1 0.4
transition 148 3 156 -1 0.6000000000000001
transition 149 2 136 -1 0.6000000000000001
transition 149 3 136 -1 0.4
transition 149 2 157 -1 0.4
transition 149 3 157 -1 0.6000000000000001
transition 150 2 140 -1 0.6000000000000001
transition 150 3 140 -1 0.4
transition 150 2 160 -1 0.4
transition 150 3 160 -1 0.6000000000000001
transition 151 2 142 -1 0.6000000000000001
transition 151 3 142 -1 0.4
transition 151 2 162 -1 0.4
transition 151 3 162 -1 0.6000000000000001
transition 152 3 165 -1 1.0
transition 153 2 145 -1 0.6000000000000001
transition 153 3 145 -1 0.4
transition 153 2 166 -1 0.4
transition 153 3 166 -1 0.6000000000000001
transition 154 2 146 -1 1.0
transition 155 2 147 -1 1.0
transition 156 2 148 -1 1.0
transition 157 2 149 -1 0.6000000000000001
transition 157 3 149 -1 0.4
transition 157 2 167 -1 0.4
transition 157 3 167 -1 0.6000000000000001
transition 158 0 159 -1 1.0
transition 159 1 158 -1 0.6000000000000001
transition 159 0 158 -1 0.4
transition 159 1 160 -1 0.4
transition 159 0 160 -1 0.6000000000000001
transition 160 2 150 -1 0.4
transition 160 3 150 -1 0.2
transition 160 1 150 -1 0.2
transition 160 0 150 -1 0.2
transition 160 2 168 -1 0.2
transition 160 3 168 -1 0.4
transition 160 1 168 -1 0.2
transition 160 0 168 -1 0.2
transition 160 2 159 -1 0.2
transition 160 3 159 -1 0.2
transition 160 1 159 -1 0.4
transition 160 0 159 -1 0.2
transition 160 2 161 -1 0.2
transition 160 3 161 -1 0.2
transition 160 1 161 -1 0.2
transition 160 0 161 -1 0.4
transition 161 1 160 -1 0.6000000000000001
transition 161 0 160 -1 0.4
transition 161 1 162 -1 0.4
transition 161 0 162 -1 0.6000000000000001
transition 162 2 151 -1 0.4
transition 162 3 151 -1 0.2
transition 162 1 151 -1 0.2
transition 162 0 151 -1 0.2
transition 162 2 169 -1 0.2
transition 162 3 169 -1 0.4
transition 162 1 169 -1 0.2
transition 162 0 169 -1 0.2
transition 162 2 161 -1 0.2
transition 162 3 161 -1 0.2
transition 162 1 161 -1 0.4
transition 162 0 161 -1 0.2
transition 162 2 163 -1 0.2
transition 162 3 163 -1 0.2
transition 162 1 163 -1 0.2
transition 162 0 163 -1 0.4
transition 163 1 162 -1 0.6000000000000001
transition 163 0 162 -1 0.4
transition 163 1 164 -1 0.4
transition 163 0 164 -1 0.6000000000000001
transition 164 1 163 -1 1.0
transition 165 2 152 -1 0.6000000000000001
transition 165 3 152 -1 0.4
transition 165 2 170 -1 0.4
transition 165 3 170 -1 0.6000000000000001
transition 166 2 153 -1 0.6000000000000001
transition 166 3 153 -1 0.4
transition 166 2 172 -1 0.4
transition 166 3 172 -1 0.6000000000000001
transition 167 2 157 -1 0.6000000000000001
transition 167 3 157 -1 0.4
transition 167 2 179 -1 0.4
transition 167 3 179 -1 0.6000000000000001
transition 168 2 160 -1 0.6000000000000001
transition 168 3 160 -1 0.4
transition 168 2 183 -1 0.4
transition 168 3 183 -1 0.6000000000000001
transition 169 2 162 -1 0.6000000000000001
transition 169 3 162 -1 0.4
transition 169 2 184 -1 0.4
transition 169 3 184 -1 0.6000000000000001
transition 170 2 165 -1 0.4666666666666667
transition 170 3 165 -1 0.26666666666666666
transition 170 0 165 -1 0.26666666666666666
transition 170 2 187 -1 0.26666666666666666
transition 170 3 187 -1 0.4666666666666667
transition 170 0 187 -1 0.26666666666666666
transition 170 2 171 -1 0.26666666666666666
transition 170 3 171 -1 0.26666666666666666
transition 170 0 171 -1 0.4666666666666667
transition 171 1 170 -1 0.6000000000000001
transition 171 0 170 -1 0.4
transition 171 1 172 -1 0.4
transition 171 0 172 -1 0.6000000000000001
transition 172 2 166 -1 0.6000000000000001
transition 172 1 166 -1 0.4
transition 172 2 171 -1 0.4
transition 172 1 171 -1 0.6000000000000001
transition 173 3 188 -1 0.6000000000000001
transition 173 0 188 -1 0.4
transition 173 3 174 -1 0.4
transition 173 0 174 -1 0.6000000000000001
transition 174 1 173 -1 0.6000000000000001
transition 174 0 173 -1 0.4
transition 174 1 175 -1 0.4
transition 174 0 175 -1 0.6000000000000001
transition 175 3 189 -1 0.4666666666666667
transition 175 1 189 -1 0.26666666666666666
transition 175 0 189 -1 0.26666666666666666
transition 175 3 174 -1 0.26666666666666666
transition 175 1 174 -1 0.4666666666666667
transition 175 0 174 -1 0.26666666666666666
transition 175 3 176 -1 0.26666666666666666
transition 175 1 176 -1 0.26666666666666666
transition 175 0 176 -1 0.4666666666666667
transition 176 1 175 -1 0.6000000000000001
transition 176 0 175 -1 0.4
transition 176 1 177 -1 0.4
transition 176 0 177 -1 0.6000000000000001
transition 177 1 176 -1 0.6000000000000001
transition 177 0 176 -1 0.4
transition 177 1 178 -1 0.4
transition 177 0 178 -1 0.6000000000000001
transition 178 1 177 -1 0.6000000000000001
transition 178 0 177 -1 0.4
transition 178 1 179 -1 0.4
transition 178 0 179 -1 0.6000000000000001
transition 179 2 167 -1 0.4
transition 179 3 167 -1 0.2
transition 179 1 167 -1 0.2
transition 179 0 167 -1 0.2
transition 179 2 190 -1 0.2
transition 179 3 190 -1 0.4
transition 179 1 190 -1 0.2
transition 179 0 190 -1 0.2
transition 179 2 178 -1 0.2
transition 179 3 178 -1 0.2
transition 179 1 178 -1 0.4
transition 179 0 178 -1 0.2
transition 179 2 180 -1 0.2
transition 179 3 180 -1 0.2
transition 179 1 180 -1 0.2
transition 179 0 180 -1 0.4
transition 180 1 179 -1 0.6000000000000001
transition 180 0 179 -1 0.4
transition 180 1 181 -1 0.4
transition 180 0 181 -1 0.6000000000000001
transition 181 1 180 -1 0.6000000000000001
transition 181 0 180 -1 0.4
transition 181 1 182 -1 0.4
transition 181 0 182 -1 0.6000000000000001
transition 182 1 181 -1 0.6000000000000001
transition 182 0 181 -1 0.4
transition 182 1 183 -1 0.4
transition 182 0 183 -1 0.6000000000000001
transition 183 2 168 -1 0.4666666666666667
transition 183 3 168 -1 0.26666666666666666
transition 183 1 168 -1 0.26666666666666666
transition 183 2 191 -1 0.26666666666666666
transition 183 3 191 -1 0.4666666666666667
transition 183 1 191 -1 0.26666666666666666
transition 183 2 182 -1 0.26666666666666666
transition 183 3 182 -1 0.26666666666666666
transition 183 1 182 -1 0.4666666666666667
transition 184 2 169 -1 0.6000000000000001
transition 184 0 169 -1 0.4
transition 184 2 185 -1 0.4
transition 184 0 185 -1 0.6000000000000001
transition 185 1 184 -1 0.6000000000000001
transition 185 0 184 -1 0.4
transition 185 1 186 -1 0.4
transition 185 0 186 -1 0.6000000000000001
transition 186 3 192 -1 0.6000000000000001
transition 186 1 192 -1 0.4
transition 186 3 185 -1 0.4
transition 186 1 185 -1 0.6000000000000001
transition 187 2 170 -1 0.6000000000000001
transition 187 3 170 -1 0.4
transition 187 2 193 -1 0.4
transition 187 3 193 -1 0.6000000000000001
transition 188 2 173 -1 0.6000000000000001
transition 188 3 173 -1 0.4
transition 188 2 196 -1 0.4
transition 188 3 196 -1 0.6000000000000001
transition 189 2 175 -1 0.6000000000000001
transition 189 3 175 -1 0.4
transition 189 2 198 -1 0.4
transition 189 3 198 -1 0.6000000000000001
transition 190 2 179 -1 0.6000000000000001
transition 190 3 179 -1 0.4
transition 190 2 201 -1 0.4
transition 190 3 201 -1 0.6000000000000001
transition 191 2 183 -1 0.6000000000000001
transition 191 3 183 -1 0.4
transition 191 2 204 -1 0.4
transition 191 3 204 -1 0.6000000000000001
transition 192 2 186 -1 0.6000000000000001
transition 192 3 186 -1 0.4
transition 192 2 208 -1 0.4
transition 192 3 208 -1 0.6000000000000001
transition 193 2 187 -1 1.0
transition 194 0 195 -1 1.0
transition 195 1 194 -1 0.6000000000000001
transition 195 0 194 -1 0.4
transition 195 1 196 -1 0.4
transition 195 0 196 -1 0.6000000000000001
transition 196 2 188 -1 0.4666666666666667
transition 196 1 188 -1 0.26666666666666666
transition 196 0 188 -1 0.26666666666666666
transition 196 2 195 -1 0.26666666666666666
transition 196 1 195 -1 0.4666666666666667
transition 196 0 195 -1 0.26666666666666666
transition 196 2 197 -1 0.26666666666666666
transition 196 1 197 -1 0.26666666666666666
transition 196 0 197 -1 0.4666666666666667
transition 197 1 196 -1 0.6000000000000001
transition 197 0 196 -1 0.4
transition 197 1 198 -1 0.4
transition 197 0 198 -1 0.6000000000000001
transition 198 2 189 -1 0.6000000000000001
transition 198 1 189 -1 0.4
transition 198 2 197 -1 0.4
transition 198 1 197 -1 0.6000000000000001
transition 199 0 200 -1 1.0
transition 200 1 199 -1 0.6000000000000001
transition 200 0 199 -1 0.4
transition 200 1 201 -1 0.4
transition 200 0 201 -1 0.6000000000000001
transition 201 2 190 -1 0.6000000000000001
transition 201 1 190 -1 0.4
transition 201 2 200 -1 0.4
transition 201 1 200 -1 0.6000000000000001
transition 202 0 203 -1 1.0
transition 203 1 202 -1 0.6000000000000001
transition 203 0 202 -1 0.4
transition 203 1 204 -1 0.4
transition 203 0 204 -1 0.6000000000000001
transition 204 2 191 -1 0.4666666666666667
transition 204 1 191 -1 0.26666666666666666
transition 204 0 191 -1 0.26666666666666666
transition 204 2 203 -1 0.26666666666666666
transition 204 1 203 -1 0.4666666666666667
transition 204 0 203 -1 0.26666666666666666
transition 204 2 205 -1 0.26666666666666666
transition 204 1 205 -1 0.26666666666666666
transition 204 0 205 -1 0.4666666666666667
transition 205 1 204 -1 0.6000000000000001
transition 205 0 204 -1 0.4
transition 205 1 206 -1 0.4
transition 205 0 206 -1 0.6000000000000001
transition 206 1 205 -1 0.6000000000000001
transition 206 0 205 -1 0.4
transition 206 1 207 -1 0.4
transition 206 0 207 -1 0.6000000000000001
transition 207 1 206 -1 0.6000000000000001
transition 207 0 206 -1 0.4
transition 207 1 208 -1 0.4
transition 207 0 208 -1 0.6000000000000001
transition 208 2 192 -1 0.6000000000000001
transition 208 1 192 -1 0.4
transition 208 2 207 -1 0.4
transition 208 1 207 -1 0.6000000000000001
discount 0.99
