numStates 50
numActions 4
start 6
end 37
transition 0 3 9 -1 0.6000000000000001
transition 0 3 9 -1 0.4
transition 0 0 1 -1 0.4
transition 0 0 1 -1 0.6000000000000001
transition 1 1 0 -1 0.6000000000000001
transition 1 1 0 -1 0.4
transition 1 0 2 -1 0.4
transition 1 0 2 -1 0.6000000000000001
transition 2 1 1 -1 0.6000000000000001
transition 2 1 1 -1 0.4
transition 2 0 3 -1 0.4
transition 2 0 3 -1 0.6000000000000001
transition 3 1 2 -1 0.6000000000000001
transition 3 1 2 -1 0.4
transition 3 0 4 -1 0.4
transition 3 0 4 -1 0.6000000000000001
transition 4 1 3 -1 0.6000000000000001
transition 4 1 3 -1 0.4
transition 4 0 5 -1 0.4
transition 4 0 5 -1 0.6000000000000001
transition 5 1 4 -1 0.6000000000000001
transition 5 1 4 -1 0.4
transition 5 0 6 -1 0.4
transition 5 0 6 -1 0.6000000000000001
transition 6 3 10 -1 0.4666666666666667
transition 6 3 10 -1 0.26666666666666666
transition 6 3 10 -1 0.26666666666666666
transition 6 1 5 -1 0.26666666666666666
transition 6 1 5 -1 0.4666666666666667
transition 6 1 5 -1 0.26666666666666666
transition 6 0 7 -1 0.26666666666666666
transition 6 0 7 -1 0.26666666666666666
transition 6 0 7 -1 0.4666666666666667
transition 7 1 6 -1 0.6000000000000001
transition 7 1 6 -1 0.4
transition 7 0 8 -1 0.4
transition 7 0 8 -1 0.6000000000000001
transition 8 3 11 -1 0.6000000000000001
transition 8 3 11 -1 0.4
transition 8 1 7 -1 0.4
transition 8 1 7 -1 0.6000000000000001
transition 9 2 0 -1 0.6000000000000001
transition 9 2 0 -1 0.4
transition 9 3 12 -1 0.4
transition 9 3 12 -1 0.6000000000000001
transition 10 2 6 -1 0.6000000000000001
transition 10 2 6 -1 0.4
transition 10 3 18 -1 0.4
transition 10 3 18 -1 0.6000000000000001
transition 11 2 8 -1 0.6000000000000001
transition 11 2 8 -1 0.4
transition 11 3 19 -1 0.4
transition 11 3 19 -1 0.6000000000000001
transition 12 2 9 -1 0.4666666666666667
transition 12 2 9 -1 0.26666666666666666
transition 12 2 9 -1 0.26666666666666666
transition 12 3 20 -1 0.26666666666666666
transition 12 3 20 -1 0.4666666666666667
transition 12 3 20 -1 0.26666666666666666
transition 12 0 13 -1 0.26666666666666666
transition 12 0 13 -1 0.26666666666666666
transition 12 0 13 -1 0.4666666666666667
transition 13 1 12 -1 0.6000000000000001
transition 13 1 12 -1 0.4
transition 13 0 14 -1 0.4
transition 13 0 14 -1 0.6000000000000001
transition 14 3 21 -1 0.4666666666666667
transition 14 3 21 -1 0.26666666666666666
transition 14 3 21 -1 0.26666666666666666
transition 14 1 13 -1 0.26666666666666666
transition 14 1 13 -1 0.4666666666666667
transition 14 1 13 -1 0.26666666666666666
transition 14 0 15 -1 0.26666666666666666
transition 14 0 15 -1 0.26666666666666666
transition 14 0 15 -1 0.4666666666666667
transition 15 1 14 -1 0.6000000000000001
transition 15 1 14 -1 0.4
transition 15 0 16 -1 0.4
transition 15 0 16 -1 0.6000000000000001
transition 16 1 15 -1 0.6000000000000001
transition 16 1 15 -1 0.4
transition 16 0 17 -1 0.4
transition 16 0 17 -1 0.6000000000000001
transition 17 1 16 -1 0.6000000000000001
transition 17 1 16 -1 0.4
transition 17 0 18 -1 0.4
transition 17 0 18 -1 0.6000000000000001
transition 18 2 10 -1 0.6000000000000001
transition 18 2 10 -1 0.4
transition 18 1 17 -1 0.4
transition 18 1 17 -1 0.6000000000000001
transition 19 2 11 -1 0.6000000000000001
transition 19 2 11 -1 0.4
transition 19 3 22 -1 0.4
transition 19 3 22 -1 0.6000000000000001
transition 20 2 12 -1 0.6000000000000001
transition 20 2 12 -1 0.4
transition 20 3 23 -1 0.4
transition 20 3 23 -1 0.6000000000000001
transition 21 2 14 -1 0.6000000000000001
transition 21 2 14 -1 0.4
transition 21 3 24 -1 0.4
transition 21 3 24 -1 0.6000000000000001
transition 22 2 19 -1 0.6000000000000001
transition 22 2 19 -1 0.4
transition 22 3 29 -1 0.4
transition 22 3 29 -1 0.6000000000000001
transition 23 2 20 -1 0.6000000000000001
transition 23 2 20 -1 0.4
transition 23 3 30 -1 0.4
transition 23 3 30 -1 0.6000000000000001
transition 24 2 21 -1 0.4666666666666667
transition 24 2 21 -1 0.26666666666666666
transition 24 2 21 -1 0.26666666666666666
transition 24 3 31 -1 0.26666666666666666
transition 24 3 31 -1 0.4666666666666667
transition 24 3 31 -1 0.26666666666666666
transition 24 0 25 -1 0.26666666666666666
transition 24 0 25 -1 0.26666666666666666
transition 24 0 25 -1 0.4666666666666667
transition 25 1 24 -1 0.6000000000000001
transition 25 1 24 -1 0.4
transition 25 0 26 -1 0.4
transition 25 0 26 -1 0.6000000000000001
transition 26 1 25 -1 1.0
transition 27 0 28 -1 1.0
transition 28 1 27 -1 0.6000000000000001
transition 28 1 27 -1 0.4
transition 28 0 29 -1 0.4
transition 28 0 29 -1 0.6000000000000001
transition 29 2 22 -1 0.4666666666666667
transition 29 2 22 -1 0.26666666666666666
transition 29 2 22 -1 0.26666666666666666
transition 29 3 32 -1 0.26666666666666666
transition 29 3 32 -1 0.4666666666666667
transition 29 3 32 -1 0.26666666666666666
transition 29 1 28 -1 0.26666666666666666
transition 29 1 28 -1 0.26666666666666666
transition 29 1 28 -1 0.4666666666666667
transition 30 2 23 -1 0.6000000000000001
transition 30 2 23 -1 0.4
transition 30 3 33 -1 0.4
transition 30 3 33 -1 0.6000000000000001
transition 31 2 24 -1 0.6000000000000001
transition 31 2 24 -1 0.4
transition 31 3 34 -1 0.4
transition 31 3 34 -1 0.6000000000000001
transition 32 2 29 -1 0.6000000000000001
transition 32 2 29 -1 0.4
transition 32 3 38 -1 0.4
transition 32 3 38 -1 0.6000000000000001
transition 33 2 30 -1 0.6000000000000001
transition 33 2 30 -1 0.4
transition 33 3 39 -1 0.4
transition 33 3 39 -1 0.6000000000000001
transition 34 2 31 -1 1.0
transition 35 3 40 -1 0.6000000000000001
transition 35 3 40 -1 0.4
transition 35 0 36 -1 0.4
transition 35 0 36 -1 0.6000000000000001
transition 36 1 35 -1 0.6000000000000001
transition 36 1 35 -1 0.4
transition 36 0 37 0 0.4
transition 36 0 37 0 0.6000000000000001
transition 38 2 32 -1 0.6000000000000001
transition 38 2 32 -1 0.4
transition 38 3 41 -1 0.4
transition 38 3 41 -1 0.6000000000000001
transition 39 2 33 -1 0.6000000000000001
transition 39 2 33 -1 0.4
transition 39 3 42 -1 0.4
transition 39 3 42 -1 0.6000000000000001
transition 40 2 35 -1 0.6000000000000001
transition 40 2 35 -1 0.4
transition 40 3 46 -1 0.4
transition 40 3 46 -1 0.6000000000000001
transition 41 2 38 -1 0.6000000000000001
transition 41 2 38 -1 0.4
transition 41 3 49 -1 0.4
transition 41 3 49 -1 0.6000000000000001
transition 42 2 39 -1 0.6000000000000001
transition 42 2 39 -1 0.4
transition 42 0 43 -1 0.4
transition 42 0 43 -1 0.6000000000000001
transition 43 1 42 -1 0.6000000000000001
transition 43 1 42 -1 0.4
transition 43 0 44 -1 0.4
transition 43 0 44 -1 0.6000000000000001
transition 44 1 43 -1 0.6000000000000001
transition 44 1 43 -1 0.4
transition 44 0 45 -1 0.4
transition 44 0 45 -1 0.6000000000000001
transition 45 1 44 -1 0.6000000000000001
transition 45 1 44 -1 0.4
transition 45 0 46 -1 0.4
transition 45 0 46 -1 0.6000000000000001
transition 46 2 40 -1 0.4666666666666667
transition 46 2 40 -1 0.26666666666666666
transition 46 2 40 -1 0.26666666666666666
transition 46 1 45 -1 0.26666666666666666
transition 46 1 45 -1 0.4666666666666667
transition 46 1 45 -1 0.26666666666666666
transition 46 0 47 -1 0.26666666666666666
transition 46 0 47 -1 0.26666666666666666
transition 46 0 47 -1 0.4666666666666667
transition 47 1 46 -1 0.6000000000000001
transition 47 1 46 -1 0.4
transition 47 0 48 -1 0.4
transition 47 0 48 -1 0.6000000000000001
transition 48 1 47 -1 1.0
transition 49 2 41 -1 1.0
discount 0.99
