27886240.03137649 0
28167920.233713627 0
28829916.13011538 0
30429157.18304596 0
32007594.941953316 0
33598736.864422746 0
35225135.13031857 0
37017035.279543616 0
38834819.47464218 0
40700462.12785001 0
42629418.54527223 0
44633058.152598694 0
46720217.8597153 3
75530146.65042129 0
77064229.15708396 0
79384330.10693118 3
97703794.00618462 3
27785286.24942329 2
35049997.344552346 3
48898195.00216535 3
75136352.35129648 3
82267502.29078439 3
98690702.02644911 3
26038832.910356127 0
26301852.43470316 0
26919992.596299887 2
34360540.81619962 0
34707617.99616124 0
35523307.799572706 3
42468629.34956939 3
48012309.59957708 3
51173383.38336377 3
76138746.25880413 0
80982251.08692607 0
85574593.54956168 0
93887538.64562643 0
0.0 -1
37028784.30654615 3
42897606.41370645 3
48497283.43391624 3
53551682.091761425 3
71549053.92387125 2
81170091.29851991 2
12160231.406455183 3
34207763.28601775 0
34553297.25860379 0
35365360.26488343 0
36966237.082809195 0
38655817.2018777 0
41387732.80322054 0
43905774.73278951 0
46871095.626668364 0
49637053.59003993 0
52943295.49360518 0
56038759.71708648 0
61675307.31717865 0
66471312.23773131 2
76613090.22747543 2
59765716.779314086 3
12283063.036823418 3
34715489.607402176 2
53178451.80596538 2
64899125.731695555 2
71712265.14180458 2
60369411.89829706 3
12571738.046914417 3
14444442.693658141 3
34617339.92439752 0
35134691.98630683 0
36071088.17549732 0
37860229.33623118 0
39690369.39180848 0
41578652.48259416 0
43537486.87447475 0
47077988.10331601 0
50230882.66165657 2
64179715.309300885 2
64721302.0825094 0
66171945.82496 2
63774260.855818704 1
61788197.06008195 1
12975835.15880866 3
14590347.165311255 3
35242820.218839094 2
40949595.13385567 2
62281658.41927488 2
13463683.32025345 0
14201966.453442998 0
14933247.236738436 0
15870297.492180333 0
16762176.071434194 3
34890391.0166507 2
36854672.13578235 0
37226942.561396316 0
38101840.73337795 2
37226942.561396316 1
36854672.13578235 1
33596526.97451873 3
58018998.98800161 2
55916728.76449008 1
54175364.559639215 1
13169527.791050382 2
17638954.99079256 3
36080468.71746546 2
33935886.84294821 3
54859308.350269824 2
52931385.53922248 2
13060860.855605632 3
17914206.417921532 0
18095159.008001547 0
18520428.058088586 0
20153546.81166733 0
21581579.630747896 3
32847955.20746571 0
33179753.744914856 0
33959536.16625999 2
32251383.831597287 3
34733439.66504847 3
51505110.98837594 2
52402070.683830254 2
13208297.727861416 3
17496312.873268127 2
22896929.450046517 3
32314036.47777813 2
32577156.395552814 3
35849881.27144946 3
47774451.586655706 2
13528952.574144082 0
13970484.2995134 0
14500033.804970272 0
15484781.796913486 0
16401968.703948244 2
24159301.20584234 0
25720586.721933685 0
27194451.926633194 0
28982111.455476288 0
30661800.492473975 2
31947681.393259984 0
33342776.76471429 0
35299178.762917124 0
37197710.71395667 0
40500917.43206744 0
43384890.554445446 2
42388682.79712579 1
41964794.96915453 1
13855521.81713903 2
16025343.795883376 2
23604552.14203295 2
26570009.61974491 2
29299717.491030574 2
35716335.98006758 2
40677110.508836 2
10647447.332362918 3
13238643.275218908 2
15865089.357924541 2
23368505.62061262 2
26304308.523547463 2
27996487.369952098 2
33270329.925860763 0
33606394.87460683 0
34396204.08075079 0
35980625.59522043 0
37642642.725998506 2
36778288.67564167 1
36410504.78888525 1
10754998.3155181 3
12647637.161207888 2
26748626.717878625 2
32434225.433424085 2
36001226.96398359 2
11007761.232158896 0
11534898.531526707 0
12080515.292242061 2
18954408.796928853 0
19656606.56398792 0
20455659.39461968 0
21811627.98448931 0
23082807.852222078 0
24318862.23967056 0
25552308.63668454 2
26609513.26107814 0
27762289.63123074 0
28998187.50815454 0
30310306.084490176 2
34448227.73924363 2
32988636.168276194 1
31632297.704963326 1
10754998.3155181 2
18379761.358383916 2
19656606.56398792 2
24626439.93563819 2
29053687.242785804 2
30396587.931836523 2
10647447.332362918 2
17393332.87801359 0
17569024.119205646 0
17981928.113657013 2
18379761.358383916 0
18954408.796928853 2
23078536.2097665 0
23311653.74723889 0
23859519.205675684 2
26989122.89701456 0
27261741.310115717 0
27902440.476259176 2
27585372.212960564 1
27806372.651673257 0
28421828.71269507 0
29310616.401738144 2
iterations 1487
