55268302.9845862 3
58703636.89742662 0
59296603.936794564 0
59895560.54221673 0
60500567.214360334 0
61111685.065010436 0
61728975.823242866 0
62352501.841659464 0
62982326.10268633 0
63618512.22493569 3
64910227.747103035 3
64261124.46963201 1
63618512.22493569 1
64261124.46963201 0
64910227.747103035 0
65565887.6233364 0
66228170.32660242 0
66897142.754143864 0
67572872.4789332 0
68255427.75649819 0
68944877.53181635 3
67572872.4789332 3
63618512.22493569 0
64261124.46963201 0
64910227.747103035 3
55826569.6814002 3
59296603.936794564 2
60500567.214360334 2
61728975.823242866 2
64261124.46963201 3
65565887.6233364 3
64261124.46963201 2
69641291.44627914 3
68255427.75649819 3
65565887.6233364 3
56390475.43575778 0
56960077.20783614 0
57535432.533167824 0
58116599.52845235 0
58703636.89742662 2
59895560.54221673 2
61111685.065010436 2
64910227.747103035 0
65565887.6233364 0
66228170.32660242 3
65565887.6233364 1
64910227.747103035 1
64261124.46963201 1
63618512.22493569 2
64910227.747103035 3
63618512.22493569 3
70344739.8447264 3
68944877.53181635 3
64910227.747103035 0
65565887.6233364 0
66228170.32660242 3
56960077.20783614 2
60500567.214360334 2
59895560.54221673 1
66897142.754143864 3
65565887.6233364 3
64261124.46963201 3
71055293.78255191 3
69641291.44627914 3
66897142.754143864 3
55268302.9845862 0
55826569.6814002 0
56390475.43575778 2
55826569.6814002 1
55268302.9845862 1
54715618.95474034 1
54168461.76519293 1
59895560.54221673 2
66228170.32660242 0
66897142.754143864 0
67572872.4789332 3
68255427.75649819 0
68944877.53181635 3
68255427.75649819 1
67572872.4789332 1
66897142.754143864 1
66228170.32660242 1
65565887.6233364 1
64910227.747103035 1
71773025.03288072 3
70344739.8447264 3
68944877.53181635 3
68255427.75649819 1
67572872.4789332 1
54715618.95474034 2
55826569.6814002 2
54715618.95474034 2
53626776.147541 2
59296603.936794564 2
68255427.75649819 3
69641291.44627914 3
72498006.09381892 3
71055293.78255191 3
69641291.44627914 3
66897142.754143864 2
54168461.76519293 2
55268302.9845862 2
54168461.76519293 2
53626776.147541 1
53090507.38606559 2
58703636.89742662 2
58116599.52845235 1
57535432.533167824 1
68944877.53181635 3
70344739.8447264 0
71055293.78255191 0
71773025.03288072 0
72498006.09381892 3
71773025.03288072 1
74717184.15036903 3
73230310.19577669 3
72498006.09381892 1
71773025.03288072 1
71055293.78255191 1
70344739.8447264 1
66228170.32660242 2
53626776.147541 2
52559601.312204935 2
58116599.52845235 2
69641291.44627914 3
73230310.19577669 3
75471904.19229196 3
73970011.30886534 3
71055293.78255191 2
69641291.44627914 2
65565887.6233364 2
53090507.38606559 2
49983652.973622866 0
50488539.367295824 0
50998525.62353113 0
51513663.25609206 0
52034004.29908288 2
57535432.533167824 2
68944877.53181635 0
69641291.44627914 0
70344739.8447264 0
71055293.78255191 0
71773025.03288072 0
72498006.09381892 0
73230310.19577669 0
73970011.30886534 0
74717184.15036903 0
75471904.19229196 0
76234247.66898178 3
75471904.19229196 1
74717184.15036903 1
70344739.8447264 2
68944877.53181635 2
64910227.747103035 2
52559601.312204935 2
49483815.44388664 2
51513663.25609206 2
50998525.62353113 1
68255427.75649819 2
69641291.44627914 2
71055293.78255191 2
72498006.09381892 2
73970011.30886534 2
77004291.58483008 3
52034004.29908288 2
48988976.28944777 2
48014093.67128775 3
50998525.62353113 2
66228170.32660242 0
66897142.754143864 0
67572872.4789332 2
68944877.53181635 2
70344739.8447264 2
71773025.03288072 2
72498006.09381892 0
73230310.19577669 2
77782113.72205058 3
78567792.64853594 0
79361407.72579388 3
80163039.11696352 0
80972767.79491265 0
81790675.55041683 0
82616845.00042103 0
83451359.59638488 0
84294303.632712 3
51513663.25609206 2
48499085.52655329 2
48499085.52655329 3
50488539.367295824 2
66897142.754143864 2
68255427.75649819 2
69641291.44627914 2
78567792.64853594 3
80163039.11696352 3
85145762.25526465 3
50998525.62353113 2
48014093.67128775 2
48988976.28944777 0
49483815.44388664 0
49983652.973622866 2
49483815.44388664 1
48988976.28944777 1
66228170.32660242 2
67572872.4789332 2
68255427.75649819 0
68944877.53181635 2
76234247.66898178 0
77004291.58483008 0
77782113.72205058 0
78567792.64853594 0
79361407.72579388 0
80163039.11696352 0
80972767.79491265 0
81790675.55041683 0
82616845.00042103 0
83451359.59638488 0
84294303.632712 3
86005821.4699643 3
50488539.367295824 2
47533951.73457488 2
48499085.52655329 2
49483815.44388664 2
48499085.52655329 2
66897142.754143864 2
68255427.75649819 2
77004291.58483008 2
78567792.64853594 2
80163039.11696352 2
85145762.25526465 3
86874568.15147908 3
49983652.973622866 2
47058611.21722913 2
48014093.67128775 3
48988976.28944777 3
48014093.67128775 2
47533951.73457488 1
47058611.21722913 1
66228170.32660242 2
67572872.4789332 2
74717184.15036903 0
75471904.19229196 0
76234247.66898178 2
77004291.58483008 0
77782113.72205058 2
79361407.72579388 2
78567792.64853594 1
77782113.72205058 1
86005821.4699643 0
86874568.15147908 0
87752090.05199908 3
49483815.44388664 2
46588024.10505684 2
48499085.52655329 3
49483815.44388664 3
47533951.73457488 2
46588024.10505684 2
65565887.6233364 2
66897142.754143864 2
66228170.32660242 1
75471904.19229196 2
85145762.25526465 2
88638475.81010008 3
48988976.28944777 2
46122142.864006266 2
48988976.28944777 3
49983652.973622866 3
47058611.21722913 2
46122142.864006266 2
64910227.747103035 2
66228170.32660242 2
73230310.19577669 0
73970011.30886534 0
74717184.15036903 2
73970011.30886534 1
73230310.19577669 1
80972767.79491265 0
81790675.55041683 0
82616845.00042103 0
83451359.59638488 0
84294303.632712 2
89533814.95969705 3
48499085.52655329 2
49483815.44388664 3
50488539.367295824 3
45660920.435366206 2
65565887.6233364 2
72498006.09381892 2
90438197.93908793 3
48014093.67128775 2
48499085.52655329 0
48988976.28944777 0
49483815.44388664 0
49983652.973622866 3
50998525.62353113 0
51513663.25609206 0
52034004.29908288 3
45204310.231012546 2
49983652.973622866 3
64910227.747103035 2
64261124.46963201 1
63618512.22493569 1
62982326.10268633 1
62352501.841659464 1
71773025.03288072 2
71055293.78255191 1
70344739.8447264 1
87752090.05199908 0
88638475.81010008 0
89533814.95969705 0
90438197.93908793 0
91351716.10008882 3
47533951.73457488 2
50488539.367295824 3
52559601.312204935 3
50488539.367295824 3
64261124.46963201 2
71055293.78255191 2
69641291.44627914 2
92274461.71726143 3
47058611.21722913 2
49983652.973622866 0
50488539.367295824 0
50998525.62353113 3
52034004.29908288 0
52559601.312204935 0
53090507.38606559 3
52559601.312204935 1
52034004.29908288 1
51513663.25609206 1
50998525.62353113 1
63618512.22493569 3
64261124.46963201 0
64910227.747103035 3
68944877.53181635 0
69641291.44627914 0
70344739.8447264 2
68944877.53181635 2
97029897.0299 3
96059597.059601 1
95099000.08900498 3
94148009.08811493 1
93206527.99723378 1
46588024.10505684 2
46122142.864006266 1
51513663.25609206 3
53626776.147541 3
64261124.46963201 3
65565887.6233364 3
68255427.75649819 2
69641291.44627914 2
98009998.01 3
96059597.059601 3
46122142.864006266 2
50998525.62353113 3
52034004.29908288 0
52559601.312204935 0
53090507.38606559 0
53626776.147541 0
54168461.76519293 3
53626776.147541 1
53090507.38606559 1
52559601.312204935 1
52034004.29908288 1
64910227.747103035 0
65565887.6233364 0
66228170.32660242 0
66897142.754143864 0
67572872.4789332 2
68944877.53181635 2
0.0 -1
100000000.0 1
98999999.0 1
98009998.01 1
97029897.0299 1
91351716.10008882 3
45660920.435366206 2
51513663.25609206 3
54715618.95474034 3
52559601.312204935 2
64261124.46963201 2
65565887.6233364 2
68255427.75649819 2
98009998.01 2
96059597.059601 2
92274461.71726143 3
45204310.231012546 2
52034004.29908288 0
52559601.312204935 0
53090507.38606559 0
53626776.147541 0
54168461.76519293 0
54715618.95474034 0
55268302.9845862 3
52034004.29908288 2
62352501.841659464 0
62982326.10268633 0
63618512.22493569 2
64910227.747103035 2
66228170.32660242 0
66897142.754143864 0
67572872.4789332 2
66897142.754143864 1
66228170.32660242 1
97029897.0299 2
95099000.08900498 2
94148009.08811493 1
93206527.99723378 1
51513663.25609206 2
52559601.312204935 2
55826569.6814002 3
51513663.25609206 2
66897142.754143864 2
92274461.71726143 2
49983652.973622866 0
50488539.367295824 0
50998525.62353113 2
52034004.29908288 2
48988976.28944777 3
56390475.43575778 3
50998525.62353113 2
50488539.367295824 1
49983652.973622866 1
59895560.54221673 3
63618512.22493569 0
64261124.46963201 0
64910227.747103035 0
65565887.6233364 0
66228170.32660242 2
62352501.841659464 3
61728975.823242866 1
61111685.065010436 1
60500567.214360334 1
59895560.54221673 1
91351716.10008882 2
49483815.44388664 2
50488539.367295824 2
51513663.25609206 2
49483815.44388664 3
56960077.20783614 3
60500567.214360334 3
62982326.10268633 2
64261124.46963201 2
65565887.6233364 2
62982326.10268633 3
90438197.93908793 2
48988976.28944777 2
49983652.973622866 2
50488539.367295824 0
50998525.62353113 2
50488539.367295824 1
49983652.973622866 1
57535432.533167824 0
58116599.52845235 0
58703636.89742662 0
59296603.936794564 0
59895560.54221673 0
60500567.214360334 0
61111685.065010436 0
61728975.823242866 0
62352501.841659464 2
63618512.22493569 2
64261124.46963201 0
64910227.747103035 2
64261124.46963201 1
63618512.22493569 1
62982326.10268633 1
62352501.841659464 1
87752090.05199908 0
88638475.81010008 0
89533814.95969705 2
iterations 81
