-13.994164535871159 3
-14.85422289051245 1
-15.705680661607326 1
-16.548623854991256 1
-17.383137616441346 1
-18.20930624027693 1
-19.027213177874152 3
-19.83694104609541 1
-20.638571635634456 1
-13.125418723102179 3
-18.209306240276923 3
-21.432185919278112 2
-12.24789770010321 3
-13.125418723102179 1
-13.994164535871157 1
-14.854222890512446 1
-15.705680661607323 1
-16.54862385499125 1
-17.383137616441335 1
-22.217864060085333 2
-11.361512828387081 3
-14.854222890512446 2
-22.99568541948448 2
-10.466174574128363 3
-15.70568066160732 2
-16.54862385499125 1
-17.383137616441335 1
-25.282790566840372 0
-24.52807127963674 0
-23.765728565289635 2
-9.561792499119557 3
-16.54862385499125 2
-24.52807127963674 2
-8.648275251635914 3
-17.383137616441335 2
-1.0 0
0.0 0
0.0 -1
-25.282790566840376 2
-7.7255305572079935 3
-1.9900000000000002 2
-26.029962661171975 2
-6.793465209301003 0
-5.851985059900001 0
-4.900995010000001 0
-3.940399000000001 0
-2.9701000000000004 2
-3.940399000000001 1
-4.900995010000001 1
-26.769663034560256 2
iterations 33
