86005821.4699643 3
85145762.25526465 1
84294303.632712 1
83451359.59638488 1
82616845.00042103 1
81790675.55041683 1
80972767.79491265 3
80163039.11696352 1
79361407.72579388 1
86874568.15147908 3
81790675.55041683 3
78567792.64853594 2
87752090.05199908 3
86874568.15147908 1
86005821.4699643 1
85145762.25526465 1
84294303.632712 1
83451359.59638488 1
82616845.00042103 1
77782113.72205058 2
88638475.81010008 3
85145762.25526465 2
77004291.58483008 2
89533814.95969705 3
84294303.632712 2
83451359.59638488 1
82616845.00042103 1
74717184.15036903 0
75471904.19229196 0
76234247.66898178 2
90438197.93908793 3
83451359.59638488 2
75471904.19229196 2
91351716.10008882 3
82616845.00042103 2
98999999.0 0
100000000.0 0
0.0 -1
74717184.15036903 2
92274461.71726143 3
98009998.01 2
73970011.30886534 2
93206527.99723378 0
94148009.08811493 0
95099000.08900498 0
96059597.059601 0
97029897.0299 2
96059597.059601 1
95099000.08900498 1
73230310.19577669 2
iterations 33
