37723602.416015096 3
37346365.39185494 1
36972900.73793639 1
39271042.10688331 3
38878330.68581448 1
38489546.37895633 1
40881958.32427236 3
41294908.408355914 0
41712029.70541001 0
42133364.348899 0
42558954.897877775 3
43423076.102313824 0
43861694.04274124 0
44304742.46741539 0
44752266.12870242 0
45204310.231012546 3
46122142.864006266 3
47058611.21722913 0
47533951.73457488 0
48014093.67128775 3
47533951.73457488 1
47058611.21722913 1
48988976.28944777 0
49483815.44388664 0
49983652.973622866 0
50488539.367295824 0
50998525.62353113 3
50488539.367295824 1
49983652.973622866 3
57535432.533167824 0
58116599.52845235 0
58703636.89742662 3
59895560.54221673 3
61111685.065010436 3
62352501.841659464 0
62982326.10268633 0
63618512.22493569 3
64261124.46963201 0
64910227.747103035 0
65565887.6233364 0
66228170.32660242 0
66897142.754143864 0
67572872.4789332 3
66897142.754143864 1
66228170.32660242 1
65565887.6233364 1
64910227.747103035 1
64261124.46963201 1
63618512.22493569 1
62352501.841659464 3
61111685.065010436 3
60500567.214360334 1
59895560.54221673 1
61111685.065010436 0
61728975.823242866 0
62352501.841659464 3
52034004.29908288 0
52559601.312204935 0
53090507.38606559 3
54168461.76519293 3
48988976.28944777 0
49483815.44388664 0
49983652.973622866 3
50998525.62353113 3
49983652.973622866 3
50488539.367295824 0
50998525.62353113 0
51513663.25609206 0
52034004.29908288 3
50998525.62353113 3
38104649.915166765 3
36603170.730557024 2
39667720.30998314 3
38104649.915166765 2
41294908.408355914 3
42988844.34129068 3
42988844.34129068 2
45660920.435366206 3
46588024.10505684 3
48499085.52655329 3
51513663.25609206 3
50488539.367295824 3
59296603.936794564 3
60500567.214360334 3
61728975.823242866 3
64261124.46963201 3
68255427.75649819 3
62982326.10268633 2
62982326.10268633 3
61728975.823242866 3
62982326.10268633 3
53626776.147541 3
54715618.95474034 3
50488539.367295824 3
51513663.25609206 3
50488539.367295824 3
52559601.312204935 3
51513663.25609206 3
38489546.37895633 3
36237138.02325145 2
40068405.363619335 3
37723602.416015096 2
41712029.70541001 3
42558954.897877775 0
42988844.34129068 0
43423076.102313824 3
42558954.897877775 2
42133364.348899 1
41712029.70541001 1
46122142.864006266 0
46588024.10505684 0
47058611.21722913 3
48014093.67128775 3
48988976.28944777 3
48014093.67128775 3
47058611.21722913 3
53090507.38606559 3
52034004.29908288 3
51513663.25609206 1
50998525.62353113 1
58703636.89742662 0
59296603.936794564 0
59895560.54221673 0
60500567.214360334 0
61111685.065010436 0
61728975.823242866 0
62352501.841659464 3
62982326.10268633 0
63618512.22493569 3
64910227.747103035 3
66228170.32660242 3
67572872.4789332 0
68255427.75649819 0
68944877.53181635 3
68255427.75649819 1
67572872.4789332 3
66897142.754143864 1
66228170.32660242 1
62352501.841659464 2
63618512.22493569 3
62352501.841659464 3
61111685.065010436 3
60500567.214360334 1
59895560.54221673 1
63618512.22493569 3
62352501.841659464 3
54168461.76519293 0
54715618.95474034 0
55268302.9845862 3
49983652.973622866 0
50488539.367295824 0
50998525.62353113 0
51513663.25609206 0
52034004.29908288 3
51513663.25609206 1
50998525.62353113 1
52034004.29908288 0
52559601.312204935 0
53090507.38606559 3
52559601.312204935 1
52034004.29908288 1
38878330.68581448 3
38489546.37895633 1
40473137.741029635 3
42133364.348899 3
43861694.04274124 3
43423076.102313824 1
47533951.73457488 3
48499085.52655329 3
49483815.44388664 3
48499085.52655329 3
47533951.73457488 3
53626776.147541 3
52559601.312204935 3
50488539.367295824 2
59296603.936794564 2
62982326.10268633 3
64261124.46963201 3
65565887.6233364 3
66897142.754143864 3
69641291.44627914 3
68255427.75649819 3
61728975.823242866 2
64261124.46963201 3
62982326.10268633 3
61728975.823242866 3
64261124.46963201 3
62982326.10268633 3
55826569.6814002 3
52559601.312204935 3
53626776.147541 3
51513663.25609206 2
39271042.10688331 3
40068405.363619335 3
40881958.32427236 3
40473137.741029635 1
40068405.363619335 1
42558954.897877775 3
43423076.102313824 3
44304742.46741539 3
45204310.231012546 0
45660920.435366206 0
46122142.864006266 3
45660920.435366206 1
45204310.231012546 1
48014093.67128775 3
48499085.52655329 0
48988976.28944777 3
49983652.973622866 3
49483815.44388664 1
48988976.28944777 1
48499085.52655329 1
48014093.67128775 1
54168461.76519293 3
53626776.147541 1
53090507.38606559 1
49983652.973622866 2
59895560.54221673 3
58703636.89742662 2
62352501.841659464 3
62982326.10268633 0
63618512.22493569 0
64261124.46963201 0
64910227.747103035 0
65565887.6233364 0
66228170.32660242 3
66897142.754143864 0
67572872.4789332 0
68255427.75649819 0
68944877.53181635 0
69641291.44627914 0
70344739.8447264 3
69641291.44627914 1
68944877.53181635 1
62352501.841659464 3
61111685.065010436 2
64910227.747103035 3
64261124.46963201 1
63618512.22493569 1
62982326.10268633 1
62352501.841659464 1
63618512.22493569 0
64261124.46963201 0
64910227.747103035 3
64261124.46963201 1
63618512.22493569 1
62982326.10268633 1
62352501.841659464 1
56390475.43575778 0
56960077.20783614 0
57535432.533167824 0
58116599.52845235 0
58703636.89742662 3
53090507.38606559 0
53626776.147541 0
54168461.76519293 3
55268302.9845862 3
54715618.95474034 1
54168461.76519293 3
50998525.62353113 2
39667720.30998314 3
40473137.741029635 3
41294908.408355914 3
42988844.34129068 3
43861694.04274124 3
44752266.12870242 3
44752266.12870242 2
46588024.10505684 3
48499085.52655329 3
49483815.44388664 3
50488539.367295824 3
54715618.95474034 3
60500567.214360334 3
62982326.10268633 3
66897142.754143864 3
68255427.75649819 2
71055293.78255191 3
62982326.10268633 3
65565887.6233364 3
65565887.6233364 3
59296603.936794564 3
54715618.95474034 3
55826569.6814002 3
54715618.95474034 3
40068405.363619335 3
40881958.32427236 3
41712029.70541001 3
42133364.348899 0
42558954.897877775 3
42988844.34129068 0
43423076.102313824 3
44304742.46741539 0
44752266.12870242 0
45204310.231012546 3
44304742.46741539 2
47058611.21722913 0
47533951.73457488 0
48014093.67128775 0
48499085.52655329 0
48988976.28944777 0
49483815.44388664 0
49983652.973622866 3
50998525.62353113 3
50488539.367295824 1
49983652.973622866 1
54168461.76519293 0
54715618.95474034 0
55268302.9845862 3
55826569.6814002 0
56390475.43575778 3
57535432.533167824 3
61111685.065010436 0
61728975.823242866 0
62352501.841659464 0
62982326.10268633 0
63618512.22493569 0
64261124.46963201 0
64910227.747103035 0
65565887.6233364 0
66228170.32660242 3
67572872.4789332 3
68944877.53181635 3
68255427.75649819 1
67572872.4789332 2
71773025.03288072 3
71055293.78255191 1
70344739.8447264 3
63618512.22493569 0
64261124.46963201 0
64910227.747103035 3
66228170.32660242 3
67572872.4789332 3
68944877.53181635 3
67572872.4789332 3
66897142.754143864 1
66228170.32660242 1
55268302.9845862 0
55826569.6814002 0
56390475.43575778 0
56960077.20783614 0
57535432.533167824 0
58116599.52845235 0
58703636.89742662 0
59296603.936794564 0
59895560.54221673 3
54168461.76519293 3
55268302.9845862 0
55826569.6814002 0
56390475.43575778 3
55268302.9845862 3
54715618.95474034 1
54168461.76519293 1
40473137.741029635 3
41294908.408355914 3
42133364.348899 3
42988844.34129068 3
43861694.04274124 3
45660920.435366206 3
46588024.10505684 2
48499085.52655329 2
50488539.367295824 3
51513663.25609206 3
55826569.6814002 3
56960077.20783614 3
58116599.52845235 3
66897142.754143864 3
68255427.75649819 3
68944877.53181635 0
69641291.44627914 3
72498006.09381892 3
71055293.78255191 3
65565887.6233364 3
66897142.754143864 3
68255427.75649819 3
69641291.44627914 3
68255427.75649819 3
65565887.6233364 2
56960077.20783614 2
58116599.52845235 2
60500567.214360334 3
54715618.95474034 3
56960077.20783614 3
55826569.6814002 3
40881958.32427236 0
41294908.408355914 0
41712029.70541001 0
42133364.348899 0
42558954.897877775 0
42988844.34129068 0
43423076.102313824 0
43861694.04274124 0
44304742.46741539 3
45204310.231012546 3
46122142.864006266 3
45660920.435366206 1
45204310.231012546 1
46122142.864006266 2
47058611.21722913 0
47533951.73457488 0
48014093.67128775 2
50998525.62353113 3
52034004.29908288 3
53090507.38606559 0
53626776.147541 0
54168461.76519293 3
56390475.43575778 0
56960077.20783614 0
57535432.533167824 0
58116599.52845235 0
58703636.89742662 3
59895560.54221673 3
63618512.22493569 0
64261124.46963201 0
64910227.747103035 0
65565887.6233364 0
66228170.32660242 0
66897142.754143864 0
67572872.4789332 3
68944877.53181635 3
70344739.8447264 3
71773025.03288072 0
72498006.09381892 0
73230310.19577669 3
71773025.03288072 3
71055293.78255191 1
70344739.8447264 1
66228170.32660242 0
66897142.754143864 0
67572872.4789332 0
68255427.75649819 0
68944877.53181635 3
69641291.44627914 0
70344739.8447264 3
69641291.44627914 1
68944877.53181635 1
64910227.747103035 2
65565887.6233364 0
66228170.32660242 3
65565887.6233364 1
64910227.747103035 1
56390475.43575778 2
56960077.20783614 0
57535432.533167824 2
61111685.065010436 3
55268302.9845862 0
55826569.6814002 0
56390475.43575778 0
56960077.20783614 0
57535432.533167824 3
56960077.20783614 1
56390475.43575778 1
55826569.6814002 1
55268302.9845862 1
40473137.741029635 2
41712029.70541001 2
44752266.12870242 3
45204310.231012546 0
45660920.435366206 3
46122142.864006266 0
46588024.10505684 3
47058611.21722913 2
51513663.25609206 3
52559601.312204935 3
54715618.95474034 3
54168461.76519293 1
59296603.936794564 3
60500567.214360334 3
59895560.54221673 1
68255427.75649819 3
69641291.44627914 3
70344739.8447264 0
71055293.78255191 3
71055293.78255191 2
73970011.30886534 3
73230310.19577669 1
72498006.09381892 1
69641291.44627914 3
71055293.78255191 3
66897142.754143864 3
61728975.823242866 3
55268302.9845862 2
58116599.52845235 3
55268302.9845862 2
40068405.363619335 2
44304742.46741539 3
43423076.102313824 3
44304742.46741539 0
44752266.12870242 0
45204310.231012546 3
46122142.864006266 3
47058611.21722913 3
48014093.67128775 3
47058611.21722913 3
49983652.973622866 3
50998525.62353113 0
51513663.25609206 0
52034004.29908288 0
52559601.312204935 0
53090507.38606559 0
53626776.147541 0
54168461.76519293 0
54715618.95474034 0
55268302.9845862 3
56390475.43575778 3
55826569.6814002 1
55268302.9845862 1
59895560.54221673 0
60500567.214360334 0
61111685.065010436 3
64910227.747103035 0
65565887.6233364 0
66228170.32660242 0
66897142.754143864 0
67572872.4789332 0
68255427.75649819 0
68944877.53181635 3
70344739.8447264 3
71773025.03288072 3
70344739.8447264 2
74717184.15036903 3
71773025.03288072 2
71773025.03288072 3
71055293.78255191 1
70344739.8447264 1
68944877.53181635 0
69641291.44627914 0
70344739.8447264 0
71055293.78255191 0
71773025.03288072 3
67572872.4789332 0
68255427.75649819 0
68944877.53181635 3
68255427.75649819 1
67572872.4789332 1
66897142.754143864 1
66228170.32660242 3
65565887.6233364 1
64910227.747103035 3
64261124.46963201 1
63618512.22493569 1
62982326.10268633 1
62352501.841659464 3
61728975.823242866 1
61111685.065010436 1
57535432.533167824 0
58116599.52845235 0
58703636.89742662 3
55268302.9845862 3
54715618.95474034 2
54168461.76519293 1
44752266.12870242 3
43861694.04274124 3
45660920.435366206 3
46588024.10505684 3
47533951.73457488 3
48499085.52655329 3
47533951.73457488 3
50488539.367295824 3
52559601.312204935 2
53626776.147541 2
55826569.6814002 3
56960077.20783614 3
61728975.823242866 3
66897142.754143864 2
69641291.44627914 3
71055293.78255191 3
72498006.09381892 3
75471904.19229196 3
72498006.09381892 3
72498006.09381892 3
69641291.44627914 3
66897142.754143864 2
66897142.754143864 3
65565887.6233364 3
62982326.10268633 3
59296603.936794564 3
55826569.6814002 3
44304742.46741539 3
44752266.12870242 0
45204310.231012546 3
44304742.46741539 0
44752266.12870242 0
45204310.231012546 0
45660920.435366206 0
46122142.864006266 0
46588024.10505684 0
47058611.21722913 0
47533951.73457488 0
48014093.67128775 3
48988976.28944777 3
48014093.67128775 3
50998525.62353113 3
51513663.25609206 0
52034004.29908288 3
53090507.38606559 3
52034004.29908288 2
53090507.38606559 2
56390475.43575778 0
56960077.20783614 0
57535432.533167824 0
58116599.52845235 0
58703636.89742662 3
58703636.89742662 3
62352501.841659464 0
62982326.10268633 0
63618512.22493569 0
64261124.46963201 0
64910227.747103035 0
65565887.6233364 0
66228170.32660242 2
70344739.8447264 3
71773025.03288072 3
73230310.19577669 0
73970011.30886534 0
74717184.15036903 3
75471904.19229196 0
76234247.66898178 3
75471904.19229196 1
74717184.15036903 1
73970011.30886534 1
73230310.19577669 1
71773025.03288072 3
73230310.19577669 3
71773025.03288072 0
72498006.09381892 0
73230310.19577669 3
72498006.09381892 1
71773025.03288072 1
71055293.78255191 1
70344739.8447264 3
66228170.32660242 2
67572872.4789332 3
66897142.754143864 1
66228170.32660242 1
65565887.6233364 1
64910227.747103035 1
64261124.46963201 1
63618512.22493569 1
62982326.10268633 1
62352501.841659464 1
61728975.823242866 1
61111685.065010436 1
60500567.214360334 1
59895560.54221673 1
56390475.43575778 3
55826569.6814002 1
55268302.9845862 1
44752266.12870242 3
45660920.435366206 3
44752266.12870242 2
45660920.435366206 2
46588024.10505684 2
48499085.52655329 3
49483815.44388664 3
48499085.52655329 3
51513663.25609206 3
52559601.312204935 3
53626776.147541 3
52559601.312204935 2
59296603.936794564 3
59296603.936794564 3
61728975.823242866 2
71055293.78255191 3
72498006.09381892 3
71773025.03288072 1
75471904.19229196 3
77004291.58483008 3
72498006.09381892 3
73970011.30886534 3
73970011.30886534 3
71055293.78255191 3
68255427.75649819 3
65565887.6233364 2
62982326.10268633 2
61728975.823242866 2
59296603.936794564 2
56960077.20783614 3
45204310.231012546 0
45660920.435366206 0
46122142.864006266 0
46588024.10505684 0
47058611.21722913 3
44304742.46741539 2
45204310.231012546 2
46122142.864006266 2
48988976.28944777 0
49483815.44388664 0
49983652.973622866 3
49483815.44388664 1
48988976.28944777 1
52034004.29908288 3
53090507.38606559 0
53626776.147541 0
54168461.76519293 3
53626776.147541 1
53090507.38606559 1
52559601.312204935 1
52034004.29908288 2
59895560.54221673 0
60500567.214360334 0
61111685.065010436 3
60500567.214360334 1
59895560.54221673 1
59895560.54221673 0
60500567.214360334 0
61111685.065010436 2
60500567.214360334 1
59895560.54221673 1
68944877.53181635 0
69641291.44627914 0
70344739.8447264 0
71055293.78255191 0
71773025.03288072 3
72498006.09381892 0
73230310.19577669 3
74717184.15036903 0
75471904.19229196 0
76234247.66898178 3
77782113.72205058 3
77004291.58483008 1
76234247.66898178 1
71773025.03288072 3
73230310.19577669 3
74717184.15036903 3
76234247.66898178 3
75471904.19229196 1
74717184.15036903 1
70344739.8447264 0
71055293.78255191 0
71773025.03288072 3
70344739.8447264 3
69641291.44627914 1
68944877.53181635 1
64910227.747103035 2
61111685.065010436 0
61728975.823242866 0
62352501.841659464 2
61111685.065010436 2
60500567.214360334 1
59895560.54221673 1
59296603.936794564 1
58703636.89742662 2
58116599.52845235 1
57535432.533167824 1
56960077.20783614 1
56390475.43575778 1
47533951.73457488 3
50488539.367295824 3
52559601.312204935 3
54715618.95474034 3
61728975.823242866 3
59296603.936794564 2
59895560.54221673 2
72498006.09381892 3
73970011.30886534 3
77004291.58483008 3
78567792.64853594 3
75471904.19229196 2
72498006.09381892 3
73970011.30886534 3
75471904.19229196 3
77004291.58483008 3
72498006.09381892 3
71055293.78255191 3
60500567.214360334 2
58116599.52845235 2
46122142.864006266 3
46588024.10505684 0
47058611.21722913 3
48014093.67128775 0
48499085.52655329 0
48988976.28944777 0
49483815.44388664 0
49983652.973622866 3
49483815.44388664 1
48988976.28944777 1
52034004.29908288 3
51513663.25609206 1
50998525.62353113 1
52034004.29908288 3
53090507.38606559 0
53626776.147541 0
54168461.76519293 0
54715618.95474034 0
55268302.9845862 3
54715618.95474034 1
54168461.76519293 1
55268302.9845862 3
61111685.065010436 0
61728975.823242866 0
62352501.841659464 3
57535432.533167824 0
58116599.52845235 0
58703636.89742662 2
58116599.52845235 1
57535432.533167824 1
68944877.53181635 3
70344739.8447264 0
71055293.78255191 0
71773025.03288072 0
72498006.09381892 0
73230310.19577669 0
73970011.30886534 0
74717184.15036903 0
75471904.19229196 0
76234247.66898178 0
77004291.58483008 0
77782113.72205058 3
79361407.72579388 3
74717184.15036903 2
73230310.19577669 0
73970011.30886534 0
74717184.15036903 0
75471904.19229196 0
76234247.66898178 3
77782113.72205058 3
77004291.58483008 1
76234247.66898178 1
75471904.19229196 1
74717184.15036903 1
73970011.30886534 1
73230310.19577669 3
71773025.03288072 3
70344739.8447264 3
69641291.44627914 1
68944877.53181635 1
68255427.75649819 1
67572872.4789332 1
58703636.89742662 0
59296603.936794564 0
59895560.54221673 2
59296603.936794564 1
58703636.89742662 1
58116599.52845235 1
57535432.533167824 2
56960077.20783614 1
56390475.43575778 1
55826569.6814002 1
55268302.9845862 1
46588024.10505684 3
47533951.73457488 3
48499085.52655329 2
50488539.367295824 3
52559601.312204935 3
52559601.312204935 3
53626776.147541 2
55826569.6814002 3
55826569.6814002 3
62982326.10268633 3
69641291.44627914 3
73970011.30886534 2
78567792.64853594 3
80163039.11696352 3
77004291.58483008 3
78567792.64853594 3
73970011.30886534 3
72498006.09381892 3
71055293.78255191 3
58116599.52845235 2
56960077.20783614 2
54715618.95474034 2
47058611.21722913 0
47533951.73457488 0
48014093.67128775 3
47058611.21722913 0
47533951.73457488 0
48014093.67128775 2
50998525.62353113 0
51513663.25609206 0
52034004.29908288 3
53090507.38606559 3
54168461.76519293 3
53090507.38606559 3
52559601.312204935 1
52034004.29908288 3
53090507.38606559 2
56390475.43575778 0
56960077.20783614 0
57535432.533167824 3
56960077.20783614 1
56390475.43575778 1
62352501.841659464 3
63618512.22493569 0
64261124.46963201 0
64910227.747103035 0
65565887.6233364 0
66228170.32660242 3
68944877.53181635 0
69641291.44627914 0
70344739.8447264 3
71055293.78255191 0
71773025.03288072 0
72498006.09381892 0
73230310.19577669 3
74717184.15036903 3
73230310.19577669 2
72498006.09381892 1
71773025.03288072 1
79361407.72579388 3
80163039.11696352 0
80972767.79491265 3
82616845.00042103 3
84294303.632712 3
82616845.00042103 3
77782113.72205058 0
78567792.64853594 0
79361407.72579388 3
77782113.72205058 3
77004291.58483008 1
76234247.66898178 1
75471904.19229196 1
74717184.15036903 1
73970011.30886534 1
73230310.19577669 3
72498006.09381892 1
71773025.03288072 3
70344739.8447264 3
56390475.43575778 0
56960077.20783614 0
57535432.533167824 2
66228170.32660242 3
55268302.9845862 0
55826569.6814002 0
56390475.43575778 2
50998525.62353113 3
54168461.76519293 2
48499085.52655329 3
50998525.62353113 3
52559601.312204935 3
53626776.147541 3
54715618.95474034 3
53626776.147541 3
52559601.312204935 3
58116599.52845235 3
62982326.10268633 3
66897142.754143864 3
68255427.75649819 3
71055293.78255191 3
73970011.30886534 3
75471904.19229196 3
80163039.11696352 3
81790675.55041683 3
83451359.59638488 3
85145762.25526465 3
83451359.59638488 3
80163039.11696352 3
78567792.64853594 3
73970011.30886534 2
73970011.30886534 3
72498006.09381892 3
71055293.78255191 3
70344739.8447264 1
66897142.754143864 3
55826569.6814002 2
51513663.25609206 3
53626776.147541 2
46122142.864006266 3
48988976.28944777 3
48499085.52655329 1
48014093.67128775 1
50998525.62353113 0
51513663.25609206 0
52034004.29908288 3
53090507.38606559 3
54168461.76519293 3
55268302.9845862 3
54168461.76519293 3
53626776.147541 1
53090507.38606559 3
58703636.89742662 3
59895560.54221673 3
59296603.936794564 1
58703636.89742662 1
62352501.841659464 0
62982326.10268633 0
63618512.22493569 3
62982326.10268633 1
62352501.841659464 1
66228170.32660242 0
66897142.754143864 0
67572872.4789332 3
68944877.53181635 3
71773025.03288072 0
72498006.09381892 0
73230310.19577669 0
73970011.30886534 0
74717184.15036903 0
75471904.19229196 0
76234247.66898178 0
77004291.58483008 0
77782113.72205058 3
78567792.64853594 0
79361407.72579388 0
80163039.11696352 0
80972767.79491265 3
82616845.00042103 3
84294303.632712 3
86005821.4699643 3
85145762.25526465 1
84294303.632712 3
82616845.00042103 3
80972767.79491265 3
80163039.11696352 1
79361407.72579388 1
74717184.15036903 3
73230310.19577669 2
74717184.15036903 3
73970011.30886534 1
73230310.19577669 1
72498006.09381892 1
71773025.03288072 1
67572872.4789332 0
68255427.75649819 0
68944877.53181635 3
67572872.4789332 3
66897142.754143864 1
66228170.32660242 1
55268302.9845862 2
52034004.29908288 0
52559601.312204935 0
53090507.38606559 2
46588024.10505684 3
49483815.44388664 3
52559601.312204935 3
53626776.147541 3
54715618.95474034 3
55826569.6814002 3
54715618.95474034 3
53626776.147541 3
59296603.936794564 3
60500567.214360334 3
64261124.46963201 3
68255427.75649819 3
68944877.53181635 0
69641291.44627914 3
71055293.78255191 2
73970011.30886534 2
75471904.19229196 2
78567792.64853594 3
78567792.64853594 3
81790675.55041683 3
83451359.59638488 3
85145762.25526465 3
86005821.4699643 0
86874568.15147908 3
85145762.25526465 3
83451359.59638488 3
81790675.55041683 3
78567792.64853594 2
75471904.19229196 3
75471904.19229196 3
71773025.03288072 3
69641291.44627914 3
68255427.75649819 3
54715618.95474034 2
52559601.312204935 2
47058611.21722913 3
49983652.973622866 0
50488539.367295824 0
50998525.62353113 0
51513663.25609206 0
52034004.29908288 0
52559601.312204935 0
53090507.38606559 0
53626776.147541 0
54168461.76519293 3
55268302.9845862 3
55826569.6814002 0
56390475.43575778 3
55826569.6814002 1
55268302.9845862 1
54715618.95474034 1
54168461.76519293 1
59895560.54221673 3
61111685.065010436 3
61728975.823242866 0
62352501.841659464 0
62982326.10268633 0
63618512.22493569 3
64910227.747103035 0
65565887.6233364 0
66228170.32660242 3
67572872.4789332 3
68944877.53181635 3
70344739.8447264 3
69641291.44627914 1
70344739.8447264 2
67572872.4789332 3
73230310.19577669 2
74717184.15036903 2
79361407.72579388 3
78567792.64853594 1
79361407.72579388 3
82616845.00042103 0
83451359.59638488 0
84294303.632712 3
86005821.4699643 3
87752090.05199908 3
86874568.15147908 1
86005821.4699643 1
85145762.25526465 1
84294303.632712 1
83451359.59638488 1
82616845.00042103 1
77782113.72205058 2
77004291.58483008 1
76234247.66898178 1
75471904.19229196 1
74717184.15036903 1
75471904.19229196 0
76234247.66898178 3
75471904.19229196 1
74717184.15036903 1
73970011.30886534 1
73230310.19577669 1
72498006.09381892 1
71773025.03288072 3
71055293.78255191 1
70344739.8447264 1
69641291.44627914 1
68944877.53181635 1
53090507.38606559 0
53626776.147541 0
54168461.76519293 2
50998525.62353113 0
51513663.25609206 0
52034004.29908288 2
47533951.73457488 3
49483815.44388664 2
54715618.95474034 3
55826569.6814002 3
56960077.20783614 3
59895560.54221673 0
60500567.214360334 3
61728975.823242866 3
64261124.46963201 3
66897142.754143864 3
68255427.75649819 3
69641291.44627914 3
71055293.78255191 3
68255427.75649819 3
72498006.09381892 2
80163039.11696352 3
80163039.11696352 0
80972767.79491265 0
81790675.55041683 2
85145762.25526465 3
86874568.15147908 3
88638475.81010008 3
85145762.25526465 2
83451359.59638488 2
81790675.55041683 2
77004291.58483008 3
72498006.09381892 3
69641291.44627914 2
68255427.75649819 2
53626776.147541 2
51513663.25609206 2
48014093.67128775 3
48988976.28944777 2
49983652.973622866 3
50998525.62353113 3
54168461.76519293 0
54715618.95474034 0
55268302.9845862 0
55826569.6814002 0
56390475.43575778 0
56960077.20783614 0
57535432.533167824 3
56960077.20783614 1
56390475.43575778 1
55826569.6814002 1
55268302.9845862 1
61111685.065010436 0
61728975.823242866 0
62352501.841659464 0
62982326.10268633 0
63618512.22493569 3
64910227.747103035 3
65565887.6233364 0
66228170.32660242 0
66897142.754143864 0
67572872.4789332 3
68944877.53181635 0
69641291.44627914 0
70344739.8447264 0
71055293.78255191 0
71773025.03288072 3
70344739.8447264 3
69641291.44627914 1
68944877.53181635 1
71773025.03288072 2
79361407.72579388 0
80163039.11696352 0
80972767.79491265 3
79361407.72579388 2
80972767.79491265 2
86005821.4699643 0
86874568.15147908 0
87752090.05199908 0
88638475.81010008 0
89533814.95969705 3
84294303.632712 2
82616845.00042103 2
80972767.79491265 2
73230310.19577669 0
73970011.30886534 0
74717184.15036903 0
75471904.19229196 0
76234247.66898178 0
77004291.58483008 0
77782113.72205058 3
76234247.66898178 3
74717184.15036903 3
73970011.30886534 1
73230310.19577669 1
68944877.53181635 2
67572872.4789332 2
52034004.29908288 0
52559601.312204935 0
53090507.38606559 2
52559601.312204935 1
52034004.29908288 1
50998525.62353113 2
48499085.52655329 3
50488539.367295824 3
51513663.25609206 3
58116599.52845235 3
64261124.46963201 3
65565887.6233364 3
68255427.75649819 3
72498006.09381892 3
71055293.78255191 3
71055293.78255191 2
70344739.8447264 1
81790675.55041683 3
90438197.93908793 3
78567792.64853594 3
77004291.58483008 3
75471904.19229196 3
72498006.09381892 2
71773025.03288072 1
66897142.754143864 2
52559601.312204935 2
50488539.367295824 2
48988976.28944777 3
49983652.973622866 0
50488539.367295824 0
50998525.62353113 3
52034004.29908288 3
51513663.25609206 1
50998525.62353113 1
56390475.43575778 0
56960077.20783614 0
57535432.533167824 0
58116599.52845235 0
58703636.89742662 0
59296603.936794564 0
59895560.54221673 0
60500567.214360334 0
61111685.065010436 0
61728975.823242866 0
62352501.841659464 0
62982326.10268633 0
63618512.22493569 0
64261124.46963201 0
64910227.747103035 0
65565887.6233364 0
66228170.32660242 0
66897142.754143864 0
67572872.4789332 0
68255427.75649819 0
68944877.53181635 0
69641291.44627914 0
70344739.8447264 0
71055293.78255191 0
71773025.03288072 3
72498006.09381892 0
73230310.19577669 3
72498006.09381892 1
71773025.03288072 1
71055293.78255191 1
70344739.8447264 1
69641291.44627914 1
70344739.8447264 2
80972767.79491265 0
81790675.55041683 0
82616845.00042103 3
84294303.632712 3
86005821.4699643 3
87752090.05199908 3
89533814.95969705 0
90438197.93908793 0
91351716.10008882 3
89533814.95969705 3
88638475.81010008 1
87752090.05199908 3
86005821.4699643 3
84294303.632712 3
83451359.59638488 1
82616845.00042103 1
77782113.72205058 0
78567792.64853594 0
79361407.72579388 3
77782113.72205058 3
77004291.58483008 1
76234247.66898178 1
71773025.03288072 2
64910227.747103035 0
65565887.6233364 0
66228170.32660242 2
50998525.62353113 0
51513663.25609206 0
52034004.29908288 2
51513663.25609206 1
50998525.62353113 1
49983652.973622866 2
49483815.44388664 3
51513663.25609206 3
52559601.312204935 3
58116599.52845235 2
61728975.823242866 2
64261124.46963201 2
69641291.44627914 2
72498006.09381892 3
73970011.30886534 3
83451359.59638488 3
85145762.25526465 3
86874568.15147908 3
88638475.81010008 3
92274461.71726143 3
90438197.93908793 3
88638475.81010008 3
86874568.15147908 3
85145762.25526465 3
80163039.11696352 3
78567792.64853594 3
71055293.78255191 2
70344739.8447264 1
65565887.6233364 2
51513663.25609206 2
50488539.367295824 2
49483815.44388664 2
49983652.973622866 0
50488539.367295824 0
50998525.62353113 0
51513663.25609206 0
52034004.29908288 0
52559601.312204935 0
53090507.38606559 0
53626776.147541 0
54168461.76519293 0
54715618.95474034 0
55268302.9845862 0
55826569.6814002 0
56390475.43575778 0
56960077.20783614 0
57535432.533167824 2
56960077.20783614 1
56390475.43575778 1
59895560.54221673 0
60500567.214360334 0
61111685.065010436 2
56390475.43575778 3
63618512.22493569 2
62982326.10268633 1
62352501.841659464 1
66228170.32660242 0
66897142.754143864 0
67572872.4789332 0
68255427.75649819 0
68944877.53181635 2
73230310.19577669 0
73970011.30886534 0
74717184.15036903 3
73970011.30886534 1
73230310.19577669 1
79361407.72579388 3
80972767.79491265 3
82616845.00042103 3
84294303.632712 0
85145762.25526465 0
86005821.4699643 0
86874568.15147908 0
87752090.05199908 0
88638475.81010008 0
89533814.95969705 0
90438197.93908793 0
91351716.10008882 0
92274461.71726143 0
93206527.99723378 3
92274461.71726143 1
91351716.10008882 3
89533814.95969705 3
88638475.81010008 1
87752090.05199908 1
86874568.15147908 1
86005821.4699643 1
85145762.25526465 1
84294303.632712 1
83451359.59638488 1
82616845.00042103 1
81790675.55041683 1
80972767.79491265 1
80163039.11696352 1
79361407.72579388 1
68944877.53181635 0
69641291.44627914 0
70344739.8447264 2
66228170.32660242 3
64910227.747103035 2
64261124.46963201 1
63618512.22493569 1
50998525.62353113 3
50488539.367295824 1
49983652.973622866 2
49483815.44388664 1
48988976.28944777 2
49483815.44388664 2
54715618.95474034 2
56960077.20783614 2
59296603.936794564 2
56390475.43575778 0
56960077.20783614 3
66897142.754143864 2
71773025.03288072 0
72498006.09381892 2
75471904.19229196 3
79361407.72579388 0
80163039.11696352 3
81790675.55041683 3
83451359.59638488 3
85145762.25526465 2
88638475.81010008 2
94148009.08811493 3
92274461.71726143 3
90438197.93908793 3
83451359.59638488 2
81790675.55041683 2
80163039.11696352 2
78567792.64853594 2
69641291.44627914 2
66897142.754143864 3
64261124.46963201 2
62982326.10268633 2
51513663.25609206 3
49483815.44388664 2
48988976.28944777 2
40068405.363619335 3
40473137.741029635 0
40881958.32427236 3
40473137.741029635 1
40068405.363619335 1
42558954.897877775 3
54168461.76519293 2
54715618.95474034 0
55268302.9845862 0
55826569.6814002 0
56390475.43575778 2
56960077.20783614 0
57535432.533167824 0
58116599.52845235 0
58703636.89742662 2
53090507.38606559 3
57535432.533167824 0
58116599.52845235 0
58703636.89742662 3
59296603.936794564 0
59895560.54221673 0
60500567.214360334 0
61111685.065010436 3
66228170.32660242 2
63618512.22493569 3
71773025.03288072 2
76234247.66898178 3
77782113.72205058 3
80972767.79491265 3
82616845.00042103 3
84294303.632712 0
85145762.25526465 0
86005821.4699643 3
85145762.25526465 1
84294303.632712 2
83451359.59638488 1
82616845.00042103 1
87752090.05199908 2
97029897.0299 3
96059597.059601 1
95099000.08900498 3
93206527.99723378 3
92274461.71726143 1
91351716.10008882 1
90438197.93908793 1
89533814.95969705 1
88638475.81010008 1
87752090.05199908 1
82616845.00042103 2
80972767.79491265 2
79361407.72579388 2
77782113.72205058 2
67572872.4789332 0
68255427.75649819 0
68944877.53181635 2
68255427.75649819 1
67572872.4789332 1
63618512.22493569 3
62982326.10268633 1
62352501.841659464 2
52034004.29908288 3
48988976.28944777 2
48499085.52655329 1
48014093.67128775 1
40473137.741029635 3
41294908.408355914 3
42988844.34129068 3
56960077.20783614 2
53626776.147541 3
59296603.936794564 3
61728975.823242866 3
64261124.46963201 3
77004291.58483008 3
78567792.64853594 3
81790675.55041683 0
82616845.00042103 0
83451359.59638488 3
86874568.15147908 3
98009998.01 3
96059597.059601 3
94148009.08811493 3
88638475.81010008 2
86874568.15147908 2
81790675.55041683 2
80163039.11696352 2
68255427.75649819 2
66897142.754143864 2
64261124.46963201 3
61728975.823242866 2
52559601.312204935 3
40068405.363619335 0
40473137.741029635 0
40881958.32427236 0
41294908.408355914 0
41712029.70541001 3
42558954.897877775 0
42988844.34129068 0
43423076.102313824 3
42988844.34129068 1
42558954.897877775 1
42133364.348899 1
41712029.70541001 1
55268302.9845862 0
55826569.6814002 0
56390475.43575778 2
55826569.6814002 1
55268302.9845862 1
54715618.95474034 1
54168461.76519293 1
53626776.147541 1
53090507.38606559 1
59895560.54221673 0
60500567.214360334 0
61111685.065010436 3
61728975.823242866 0
62352501.841659464 0
62982326.10268633 0
63618512.22493569 0
64261124.46963201 0
64910227.747103035 3
64261124.46963201 1
63618512.22493569 1
77782113.72205058 0
78567792.64853594 0
79361407.72579388 0
80163039.11696352 0
80972767.79491265 2
84294303.632712 0
85145762.25526465 0
86005821.4699643 3
86874568.15147908 0
87752090.05199908 3
88638475.81010008 0
89533814.95969705 3
91351716.10008882 3
97029897.0299 0
98009998.01 0
98999999.0 3
98009998.01 1
97029897.0299 1
96059597.059601 1
95099000.08900498 1
94148009.08811493 1
93206527.99723378 1
87752090.05199908 3
86005821.4699643 3
80972767.79491265 2
79361407.72579388 2
78567792.64853594 1
77782113.72205058 1
77004291.58483008 1
76234247.66898178 1
63618512.22493569 3
67572872.4789332 2
66897142.754143864 1
66228170.32660242 2
65565887.6233364 1
64910227.747103035 1
61111685.065010436 2
53090507.38606559 3
52034004.29908288 3
51513663.25609206 1
50998525.62353113 1
40473137.741029635 2
42133364.348899 3
43861694.04274124 3
54715618.95474034 2
55826569.6814002 2
52559601.312204935 3
61728975.823242866 3
65565887.6233364 3
78567792.64853594 2
86874568.15147908 3
88638475.81010008 3
90438197.93908793 3
92274461.71726143 3
91351716.10008882 1
100000000.0 3
94148009.08811493 2
88638475.81010008 3
86874568.15147908 3
80163039.11696352 2
78567792.64853594 2
75471904.19229196 2
64261124.46963201 3
66897142.754143864 2
65565887.6233364 2
53626776.147541 3
52559601.312204935 3
50488539.367295824 2
39271042.10688331 3
39667720.30998314 0
40068405.363619335 2
42558954.897877775 0
42988844.34129068 0
43423076.102313824 0
43861694.04274124 0
44304742.46741539 3
45204310.231012546 3
53090507.38606559 0
53626776.147541 0
54168461.76519293 2
54715618.95474034 0
55268302.9845862 2
50998525.62353113 3
52034004.29908288 0
52559601.312204935 0
53090507.38606559 3
52559601.312204935 1
52034004.29908288 3
62352501.841659464 0
62982326.10268633 0
63618512.22493569 0
64261124.46963201 0
64910227.747103035 0
65565887.6233364 0
66228170.32660242 0
66897142.754143864 0
67572872.4789332 3
66897142.754143864 1
66228170.32660242 1
77782113.72205058 2
68944877.53181635 3
79361407.72579388 3
87752090.05199908 0
88638475.81010008 0
89533814.95969705 0
90438197.93908793 0
91351716.10008882 3
93206527.99723378 3
98999999.0 0
100000000.0 0
0.0 -1
87752090.05199908 3
93206527.99723378 2
92274461.71726143 1
91351716.10008882 1
90438197.93908793 1
89533814.95969705 1
88638475.81010008 1
87752090.05199908 1
79361407.72579388 2
78567792.64853594 1
77782113.72205058 2
77004291.58483008 1
76234247.66898178 1
74717184.15036903 2
64910227.747103035 0
65565887.6233364 0
66228170.32660242 2
64910227.747103035 2
64261124.46963201 1
63618512.22493569 1
57535432.533167824 3
54168461.76519293 3
53626776.147541 1
53090507.38606559 1
49983652.973622866 3
39667720.30998314 3
44752266.12870242 3
45660920.435366206 3
51513663.25609206 3
53626776.147541 3
52559601.312204935 3
64261124.46963201 2
68255427.75649819 3
77004291.58483008 2
69641291.44627914 3
80163039.11696352 3
92274461.71726143 3
94148009.08811493 3
98009998.01 2
88638475.81010008 3
92274461.71726143 2
89533814.95969705 2
86874568.15147908 2
77004291.58483008 2
75471904.19229196 2
73970011.30886534 2
65565887.6233364 2
64261124.46963201 2
58116599.52845235 3
54715618.95474034 3
50488539.367295824 3
40068405.363619335 0
40473137.741029635 0
40881958.32427236 3
43423076.102313824 0
43861694.04274124 0
44304742.46741539 3
45204310.231012546 3
46122142.864006266 3
47058611.21722913 3
46588024.10505684 1
46122142.864006266 1
50998525.62353113 0
51513663.25609206 0
52034004.29908288 0
52559601.312204935 3
53090507.38606559 0
53626776.147541 0
54168461.76519293 3
53626776.147541 1
53090507.38606559 1
53626776.147541 0
54168461.76519293 3
57535432.533167824 3
63618512.22493569 2
62982326.10268633 1
62352501.841659464 1
68944877.53181635 3
74717184.15036903 0
75471904.19229196 0
76234247.66898178 2
70344739.8447264 3
80972767.79491265 3
84294303.632712 3
91351716.10008882 0
92274461.71726143 0
93206527.99723378 0
94148009.08811493 0
95099000.08900498 0
96059597.059601 0
97029897.0299 2
96059597.059601 1
95099000.08900498 1
89533814.95969705 0
90438197.93908793 0
91351716.10008882 2
87752090.05199908 0
88638475.81010008 2
87752090.05199908 1
86874568.15147908 1
86005821.4699643 2
74717184.15036903 0
75471904.19229196 0
76234247.66898178 2
74717184.15036903 2
73970011.30886534 1
73230310.19577669 2
72498006.09381892 1
71773025.03288072 1
64910227.747103035 3
63618512.22493569 2
57535432.533167824 0
58116599.52845235 0
58703636.89742662 3
55268302.9845862 3
54715618.95474034 1
54168461.76519293 1
50998525.62353113 3
41294908.408355914 3
42988844.34129068 2
44752266.12870242 3
45660920.435366206 3
46588024.10505684 3
47533951.73457488 3
53090507.38606559 3
54715618.95474034 3
54715618.95474034 3
58116599.52845235 3
62982326.10268633 2
61728975.823242866 2
69641291.44627914 3
75471904.19229196 2
71055293.78255191 3
81790675.55041683 3
85145762.25526465 3
90438197.93908793 2
92274461.71726143 2
94148009.08811493 2
94148009.08811493 2
90438197.93908793 2
86874568.15147908 3
73970011.30886534 2
72498006.09381892 2
65565887.6233364 3
62982326.10268633 2
59296603.936794564 3
55826569.6814002 3
51513663.25609206 3
40881958.32427236 3
41712029.70541001 3
42133364.348899 0
42558954.897877775 2
45204310.231012546 0
45660920.435366206 0
46122142.864006266 3
47058611.21722913 0
47533951.73457488 0
48014093.67128775 3
47533951.73457488 1
47058611.21722913 1
52034004.29908288 0
52559601.312204935 0
53090507.38606559 0
53626776.147541 0
54168461.76519293 3
55268302.9845862 0
55826569.6814002 0
56390475.43575778 3
55826569.6814002 1
55268302.9845862 1
58703636.89742662 3
62352501.841659464 2
61728975.823242866 1
61111685.065010436 2
70344739.8447264 3
73230310.19577669 0
73970011.30886534 0
74717184.15036903 2
71773025.03288072 3
82616845.00042103 3
86005821.4699643 3
89533814.95969705 2
90438197.93908793 0
91351716.10008882 2
93206527.99723378 2
92274461.71726143 1
91351716.10008882 1
93206527.99723378 2
84294303.632712 3
89533814.95969705 2
88638475.81010008 1
87752090.05199908 1
86874568.15147908 1
86005821.4699643 1
85145762.25526465 1
84294303.632712 1
73230310.19577669 2
68944877.53181635 0
69641291.44627914 0
70344739.8447264 0
71055293.78255191 0
71773025.03288072 2
71055293.78255191 1
70344739.8447264 1
66228170.32660242 3
62352501.841659464 2
61728975.823242866 1
61111685.065010436 1
60500567.214360334 1
59895560.54221673 1
56390475.43575778 3
55826569.6814002 1
55268302.9845862 1
52034004.29908288 3
41294908.408355914 3
42133364.348899 3
46588024.10505684 3
48499085.52655329 3
51513663.25609206 2
54715618.95474034 3
56960077.20783614 3
58703636.89742662 0
59296603.936794564 3
71055293.78255191 3
73970011.30886534 3
73230310.19577669 1
72498006.09381892 3
83451359.59638488 3
86874568.15147908 0
87752090.05199908 0
88638475.81010008 2
92274461.71726143 2
85145762.25526465 3
88638475.81010008 2
85145762.25526465 2
72498006.09381892 2
69641291.44627914 2
71055293.78255191 2
66897142.754143864 3
60500567.214360334 2
56960077.20783614 3
52559601.312204935 3
41712029.70541001 3
42558954.897877775 3
43423076.102313824 3
42988844.34129068 1
42558954.897877775 1
47058611.21722913 3
46588024.10505684 1
46122142.864006266 1
48988976.28944777 3
48499085.52655329 1
48014093.67128775 1
50998525.62353113 3
54168461.76519293 0
54715618.95474034 0
55268302.9845862 0
55826569.6814002 0
56390475.43575778 0
56960077.20783614 0
57535432.533167824 0
58116599.52845235 0
58703636.89742662 3
59895560.54221673 3
61111685.065010436 3
70344739.8447264 0
71055293.78255191 0
71773025.03288072 3
73230310.19577669 0
73970011.30886534 0
74717184.15036903 3
73230310.19577669 3
84294303.632712 0
85145762.25526465 0
86005821.4699643 2
87752090.05199908 2
86874568.15147908 1
86005821.4699643 1
85145762.25526465 1
84294303.632712 1
83451359.59638488 1
82616845.00042103 1
91351716.10008882 2
86005821.4699643 0
86874568.15147908 0
87752090.05199908 2
86874568.15147908 1
86005821.4699643 1
84294303.632712 2
70344739.8447264 3
71773025.03288072 2
67572872.4789332 0
68255427.75649819 0
68944877.53181635 2
69641291.44627914 0
70344739.8447264 2
69641291.44627914 1
68944877.53181635 1
68255427.75649819 1
67572872.4789332 1
58703636.89742662 0
59296603.936794564 0
59895560.54221673 2
59296603.936794564 1
58703636.89742662 1
58116599.52845235 1
57535432.533167824 1
56960077.20783614 1
56390475.43575778 1
53090507.38606559 3
42133364.348899 3
42988844.34129068 3
43861694.04274124 3
47533951.73457488 3
49483815.44388664 3
51513663.25609206 3
56960077.20783614 2
59296603.936794564 3
60500567.214360334 3
61728975.823242866 3
72498006.09381892 3
75471904.19229196 3
73970011.30886534 3
83451359.59638488 2
83451359.59638488 2
90438197.93908793 2
85145762.25526465 2
83451359.59638488 2
71055293.78255191 3
71055293.78255191 2
68255427.75649819 2
59296603.936794564 2
55826569.6814002 2
53626776.147541 3
42558954.897877775 3
43423076.102313824 3
44304742.46741539 3
47058611.21722913 0
47533951.73457488 0
48014093.67128775 3
48988976.28944777 3
49983652.973622866 0
50488539.367295824 0
50998525.62353113 3
51513663.25609206 0
52034004.29908288 3
53090507.38606559 0
53626776.147541 0
54168461.76519293 0
54715618.95474034 0
55268302.9845862 3
56390475.43575778 3
59895560.54221673 0
60500567.214360334 0
61111685.065010436 3
62352501.841659464 3
61728975.823242866 1
61111685.065010436 1
73230310.19577669 0
73970011.30886534 0
74717184.15036903 0
75471904.19229196 0
76234247.66898178 3
75471904.19229196 1
74717184.15036903 1
82616845.00042103 2
81790675.55041683 1
80972767.79491265 1
76234247.66898178 3
80972767.79491265 0
81790675.55041683 0
82616845.00042103 2
87752090.05199908 0
88638475.81010008 0
89533814.95969705 2
88638475.81010008 1
87752090.05199908 1
82616845.00042103 3
84294303.632712 2
83451359.59638488 1
82616845.00042103 2
71773025.03288072 3
70344739.8447264 2
69641291.44627914 1
68944877.53181635 3
64910227.747103035 0
65565887.6233364 0
66228170.32660242 0
66897142.754143864 0
67572872.4789332 2
66897142.754143864 1
66228170.32660242 1
59895560.54221673 3
58703636.89742662 2
58116599.52845235 1
57535432.533167824 1
54168461.76519293 3
55268302.9845862 2
54715618.95474034 1
54168461.76519293 1
42988844.34129068 3
43861694.04274124 3
44752266.12870242 3
48499085.52655329 3
49483815.44388664 3
51513663.25609206 3
52559601.312204935 3
55826569.6814002 3
56960077.20783614 3
61728975.823242866 3
62982326.10268633 3
77004291.58483008 3
81790675.55041683 2
76234247.66898178 0
77004291.58483008 3
81790675.55041683 2
88638475.81010008 2
83451359.59638488 3
82616845.00042103 1
81790675.55041683 2
72498006.09381892 3
69641291.44627914 3
66897142.754143864 2
60500567.214360334 3
56960077.20783614 2
54715618.95474034 3
54715618.95474034 2
53626776.147541 2
43423076.102313824 0
43861694.04274124 0
44304742.46741539 0
44752266.12870242 0
45204310.231012546 3
48014093.67128775 0
48499085.52655329 0
48988976.28944777 0
49483815.44388664 0
49983652.973622866 0
50488539.367295824 0
50998525.62353113 3
52034004.29908288 3
53090507.38606559 3
52559601.312204935 1
52034004.29908288 1
55268302.9845862 3
55826569.6814002 0
56390475.43575778 0
56960077.20783614 0
57535432.533167824 3
56960077.20783614 1
56390475.43575778 1
62352501.841659464 0
62982326.10268633 0
63618512.22493569 0
64261124.46963201 0
64910227.747103035 3
66228170.32660242 0
66897142.754143864 0
67572872.4789332 3
77782113.72205058 0
78567792.64853594 0
79361407.72579388 0
80163039.11696352 0
80972767.79491265 2
76234247.66898178 3
77782113.72205058 0
78567792.64853594 0
79361407.72579388 0
80163039.11696352 0
80972767.79491265 2
80163039.11696352 1
79361407.72579388 1
87752090.05199908 2
86874568.15147908 1
86005821.4699643 1
85145762.25526465 1
84294303.632712 1
79361407.72579388 0
80163039.11696352 0
80972767.79491265 2
73230310.19577669 3
72498006.09381892 1
71773025.03288072 1
71055293.78255191 1
70344739.8447264 3
69641291.44627914 1
68944877.53181635 3
64910227.747103035 0
65565887.6233364 0
66228170.32660242 2
62352501.841659464 3
61728975.823242866 1
61111685.065010436 1
55268302.9845862 0
55826569.6814002 0
56390475.43575778 3
55826569.6814002 1
55268302.9845862 1
54715618.95474034 1
54168461.76519293 2
53090507.38606559 2
45660920.435366206 3
48499085.52655329 2
51513663.25609206 3
52559601.312204935 3
53626776.147541 3
55826569.6814002 3
58116599.52845235 3
65565887.6233364 3
68255427.75649819 3
80163039.11696352 2
77004291.58483008 3
78567792.64853594 2
80163039.11696352 2
86874568.15147908 2
83451359.59638488 2
80163039.11696352 2
73970011.30886534 3
71055293.78255191 3
69641291.44627914 3
64261124.46963201 2
65565887.6233364 2
62982326.10268633 3
56960077.20783614 3
52034004.29908288 0
52559601.312204935 2
42558954.897877775 0
42988844.34129068 0
43423076.102313824 3
46122142.864006266 0
46588024.10505684 0
47058611.21722913 0
47533951.73457488 0
48014093.67128775 2
47533951.73457488 1
47058611.21722913 1
52034004.29908288 0
52559601.312204935 0
53090507.38606559 0
53626776.147541 0
54168461.76519293 0
54715618.95474034 0
55268302.9845862 0
55826569.6814002 0
56390475.43575778 3
57535432.533167824 0
58116599.52845235 0
58703636.89742662 3
62352501.841659464 3
63618512.22493569 3
64261124.46963201 0
64910227.747103035 0
65565887.6233364 0
66228170.32660242 3
65565887.6233364 1
64910227.747103035 1
68944877.53181635 3
68255427.75649819 1
67572872.4789332 1
77782113.72205058 0
78567792.64853594 0
79361407.72579388 2
78567792.64853594 1
77782113.72205058 1
76234247.66898178 0
77004291.58483008 0
77782113.72205058 2
79361407.72579388 3
84294303.632712 0
85145762.25526465 0
86005821.4699643 2
80972767.79491265 3
81790675.55041683 0
82616845.00042103 2
81790675.55041683 1
80972767.79491265 1
79361407.72579388 2
74717184.15036903 3
70344739.8447264 0
71055293.78255191 0
71773025.03288072 3
71055293.78255191 1
70344739.8447264 1
63618512.22493569 2
64910227.747103035 2
64261124.46963201 1
63618512.22493569 1
62982326.10268633 1
62352501.841659464 1
58703636.89742662 3
58116599.52845235 1
57535432.533167824 1
56960077.20783614 1
56390475.43575778 1
55826569.6814002 1
55268302.9845862 1
52034004.29908288 2
43861694.04274124 3
46588024.10505684 2
47533951.73457488 2
46588024.10505684 2
52034004.29908288 2
53626776.147541 2
54715618.95474034 2
56960077.20783614 3
59296603.936794564 3
62982326.10268633 3
64261124.46963201 3
66897142.754143864 3
69641291.44627914 3
78567792.64853594 2
77004291.58483008 2
80163039.11696352 3
83451359.59638488 2
85145762.25526465 2
81790675.55041683 3
78567792.64853594 2
75471904.19229196 3
72498006.09381892 3
64261124.46963201 2
62982326.10268633 2
61728975.823242866 2
59296603.936794564 3
55826569.6814002 2
51513663.25609206 2
43423076.102313824 0
43861694.04274124 0
44304742.46741539 0
44752266.12870242 0
45204310.231012546 0
45660920.435366206 0
46122142.864006266 2
47058611.21722913 2
46122142.864006266 2
50998525.62353113 0
51513663.25609206 2
52034004.29908288 3
53090507.38606559 2
53626776.147541 0
54168461.76519293 3
57535432.533167824 0
58116599.52845235 0
58703636.89742662 0
59296603.936794564 0
59895560.54221673 3
63618512.22493569 3
64261124.46963201 0
64910227.747103035 3
65565887.6233364 0
66228170.32660242 3
67572872.4789332 0
68255427.75649819 0
68944877.53181635 0
69641291.44627914 0
70344739.8447264 3
69641291.44627914 1
68944877.53181635 1
73230310.19577669 3
77782113.72205058 2
73230310.19577669 3
74717184.15036903 3
75471904.19229196 0
76234247.66898178 3
80972767.79491265 0
81790675.55041683 0
82616845.00042103 2
83451359.59638488 0
84294303.632712 2
83451359.59638488 1
82616845.00042103 1
74717184.15036903 0
75471904.19229196 0
76234247.66898178 0
77004291.58483008 0
77782113.72205058 2
77004291.58483008 1
76234247.66898178 1
75471904.19229196 1
74717184.15036903 1
73970011.30886534 1
73230310.19577669 1
72498006.09381892 1
71773025.03288072 1
62352501.841659464 0
62982326.10268633 0
63618512.22493569 2
62352501.841659464 2
61728975.823242866 1
61111685.065010436 2
60500567.214360334 1
59895560.54221673 1
54168461.76519293 0
54715618.95474034 0
55268302.9845862 2
49983652.973622866 0
50488539.367295824 0
50998525.62353113 2
42988844.34129068 2
43861694.04274124 2
45660920.435366206 2
46122142.864006266 0
46588024.10505684 2
45660920.435366206 2
52559601.312204935 3
54715618.95474034 3
56960077.20783614 2
60500567.214360334 3
64261124.46963201 3
65565887.6233364 3
66897142.754143864 3
71055293.78255191 3
73970011.30886534 3
77004291.58483008 2
73970011.30886534 3
75471904.19229196 3
77004291.58483008 3
80972767.79491265 2
83451359.59638488 2
81790675.55041683 2
75471904.19229196 2
77004291.58483008 2
73970011.30886534 2
66228170.32660242 3
55268302.9845862 3
59296603.936794564 2
50488539.367295824 2
42558954.897877775 2
43423076.102313824 2
42988844.34129068 1
42558954.897877775 1
45204310.231012546 2
46122142.864006266 2
45204310.231012546 2
46122142.864006266 3
53090507.38606559 0
53626776.147541 0
54168461.76519293 0
54715618.95474034 0
55268302.9845862 0
55826569.6814002 0
56390475.43575778 2
59895560.54221673 0
60500567.214360334 0
61111685.065010436 3
64910227.747103035 0
65565887.6233364 0
66228170.32660242 0
66897142.754143864 0
67572872.4789332 0
68255427.75649819 0
68944877.53181635 0
69641291.44627914 0
70344739.8447264 0
71055293.78255191 0
71773025.03288072 0
72498006.09381892 0
73230310.19577669 0
73970011.30886534 0
74717184.15036903 0
75471904.19229196 0
76234247.66898178 2
75471904.19229196 1
74717184.15036903 1
75471904.19229196 0
76234247.66898178 0
77004291.58483008 0
77782113.72205058 0
78567792.64853594 0
79361407.72579388 0
80163039.11696352 2
80972767.79491265 0
81790675.55041683 0
82616845.00042103 2
80972767.79491265 2
74717184.15036903 3
74717184.15036903 2
76234247.66898178 2
75471904.19229196 1
74717184.15036903 1
73230310.19577669 2
68944877.53181635 3
67572872.4789332 3
66897142.754143864 1
66228170.32660242 1
55268302.9845862 0
55826569.6814002 0
56390475.43575778 0
56960077.20783614 0
57535432.533167824 3
58703636.89742662 2
50998525.62353113 0
51513663.25609206 0
52034004.29908288 3
51513663.25609206 1
50998525.62353113 1
49983652.973622866 3
46588024.10505684 3
53626776.147541 2
61728975.823242866 3
64261124.46963201 2
65565887.6233364 2
66897142.754143864 2
69641291.44627914 2
71055293.78255191 2
73970011.30886534 2
75471904.19229196 2
75471904.19229196 2
77004291.58483008 2
81790675.55041683 2
75471904.19229196 3
73970011.30886534 2
72498006.09381892 2
69641291.44627914 3
68255427.75649819 3
65565887.6233364 2
58116599.52845235 3
58116599.52845235 2
52559601.312204935 3
50488539.367295824 3
36972900.73793639 3
40881958.32427236 0
41294908.408355914 0
41712029.70541001 3
42133364.348899 0
42558954.897877775 0
42988844.34129068 0
43423076.102313824 3
42988844.34129068 1
42558954.897877775 1
47058611.21722913 0
47533951.73457488 0
48014093.67128775 3
53090507.38606559 2
58703636.89742662 0
59296603.936794564 0
59895560.54221673 0
60500567.214360334 0
61111685.065010436 0
61728975.823242866 0
62352501.841659464 0
62982326.10268633 0
63618512.22493569 2
64910227.747103035 2
66228170.32660242 2
67572872.4789332 0
68255427.75649819 0
68944877.53181635 2
70344739.8447264 2
71773025.03288072 0
72498006.09381892 0
73230310.19577669 2
74717184.15036903 2
73970011.30886534 1
73230310.19577669 1
74717184.15036903 2
75471904.19229196 0
76234247.66898178 2
68944877.53181635 0
69641291.44627914 0
70344739.8447264 3
80972767.79491265 2
80163039.11696352 1
79361407.72579388 1
76234247.66898178 3
75471904.19229196 1
74717184.15036903 1
73970011.30886534 1
73230310.19577669 1
72498006.09381892 1
73230310.19577669 2
71773025.03288072 2
71055293.78255191 1
70344739.8447264 1
69641291.44627914 1
68944877.53181635 1
64910227.747103035 2
64261124.46963201 1
63618512.22493569 1
59895560.54221673 3
59296603.936794564 1
58703636.89742662 3
58116599.52845235 1
57535432.533167824 2
54168461.76519293 3
53090507.38606559 3
52559601.312204935 1
52034004.29908288 3
50998525.62353113 3
37346365.39185494 3
42133364.348899 3
43861694.04274124 3
48499085.52655329 3
60500567.214360334 2
61728975.823242866 2
64261124.46963201 2
71055293.78255191 2
73970011.30886534 2
72498006.09381892 2
73970011.30886534 2
71055293.78255191 3
78567792.64853594 2
77782113.72205058 1
77004291.58483008 1
72498006.09381892 2
71773025.03288072 1
71055293.78255191 2
69641291.44627914 2
62982326.10268633 2
60500567.214360334 3
59296603.936794564 3
54715618.95474034 3
53626776.147541 3
52559601.312204935 3
51513663.25609206 3
37723602.416015096 3
38489546.37895633 3
42558954.897877775 0
42988844.34129068 0
43423076.102313824 3
44304742.46741539 0
44752266.12870242 0
45204310.231012546 3
44752266.12870242 1
44304742.46741539 1
48988976.28944777 3
56390475.43575778 0
56960077.20783614 0
57535432.533167824 0
58116599.52845235 0
58703636.89742662 0
59296603.936794564 0
59895560.54221673 2
60500567.214360334 0
61111685.065010436 2
62352501.841659464 0
62982326.10268633 0
63618512.22493569 2
62982326.10268633 1
62352501.841659464 1
61728975.823242866 1
61111685.065010436 1
57535432.533167824 3
68944877.53181635 0
69641291.44627914 0
70344739.8447264 2
71773025.03288072 0
72498006.09381892 0
73230310.19577669 2
71773025.03288072 2
73230310.19577669 2
72498006.09381892 1
71773025.03288072 1
70344739.8447264 3
71773025.03288072 3
73230310.19577669 3
77782113.72205058 2
76234247.66898178 2
66228170.32660242 3
65565887.6233364 1
64910227.747103035 1
71773025.03288072 2
70344739.8447264 2
68944877.53181635 2
59895560.54221673 3
58703636.89742662 3
62352501.841659464 2
61728975.823242866 1
61111685.065010436 1
60500567.214360334 1
59895560.54221673 1
56390475.43575778 3
55826569.6814002 1
55268302.9845862 3
54715618.95474034 1
54168461.76519293 1
53626776.147541 1
53090507.38606559 1
52559601.312204935 1
52034004.29908288 1
38104649.915166765 3
38878330.68581448 3
43861694.04274124 3
45660920.435366206 3
49483815.44388664 3
56960077.20783614 2
60500567.214360334 2
61728975.823242866 2
60500567.214360334 2
58116599.52845235 3
71055293.78255191 2
71055293.78255191 2
72498006.09381892 2
71055293.78255191 2
71055293.78255191 3
72498006.09381892 3
73970011.30886534 3
77004291.58483008 2
75471904.19229196 2
66897142.754143864 3
71055293.78255191 2
69641291.44627914 2
60500567.214360334 3
59296603.936794564 3
59296603.936794564 2
56960077.20783614 3
55826569.6814002 3
53626776.147541 2
38489546.37895633 0
38878330.68581448 0
39271042.10688331 3
43423076.102313824 0
43861694.04274124 0
44304742.46741539 0
44752266.12870242 0
45204310.231012546 3
46122142.864006266 3
48988976.28944777 0
49483815.44388664 0
49983652.973622866 3
50998525.62353113 3
56390475.43575778 2
55826569.6814002 1
55268302.9845862 1
58703636.89742662 0
59296603.936794564 0
59895560.54221673 2
57535432.533167824 3
59895560.54221673 0
60500567.214360334 0
61111685.065010436 2
59895560.54221673 2
58703636.89742662 3
59895560.54221673 3
60500567.214360334 0
61111685.065010436 3
70344739.8447264 2
68944877.53181635 0
69641291.44627914 0
70344739.8447264 2
71055293.78255191 0
71773025.03288072 2
71055293.78255191 1
70344739.8447264 2
71055293.78255191 0
71773025.03288072 0
72498006.09381892 0
73230310.19577669 0
73970011.30886534 0
74717184.15036903 0
75471904.19229196 0
76234247.66898178 2
75471904.19229196 1
74717184.15036903 2
67572872.4789332 3
68944877.53181635 0
69641291.44627914 0
70344739.8447264 2
69641291.44627914 1
68944877.53181635 2
68255427.75649819 1
67572872.4789332 1
61111685.065010436 3
59895560.54221673 3
56390475.43575778 3
56960077.20783614 0
57535432.533167824 0
58116599.52845235 0
58703636.89742662 2
58116599.52845235 1
57535432.533167824 1
56960077.20783614 1
56390475.43575778 1
53090507.38606559 2
52559601.312204935 1
52034004.29908288 1
48988976.28944777 3
39667720.30998314 3
45660920.435366206 3
46588024.10505684 3
50488539.367295824 3
51513663.25609206 3
55826569.6814002 2
59296603.936794564 2
58703636.89742662 1
58116599.52845235 1
59296603.936794564 2
59296603.936794564 3
60500567.214360334 3
61728975.823242866 3
61111685.065010436 1
67572872.4789332 0
68255427.75649819 2
69641291.44627914 2
72498006.09381892 2
75471904.19229196 2
68255427.75649819 3
68255427.75649819 2
69641291.44627914 2
66897142.754143864 2
61728975.823242866 3
60500567.214360334 3
56960077.20783614 3
57535432.533167824 2
56960077.20783614 2
52034004.29908288 2
49483815.44388664 3
39271042.10688331 0
39667720.30998314 0
40068405.363619335 3
44304742.46741539 0
44752266.12870242 0
45204310.231012546 0
45660920.435366206 0
46122142.864006266 0
46588024.10505684 0
47058611.21722913 3
49983652.973622866 0
50488539.367295824 0
50998525.62353113 0
51513663.25609206 0
52034004.29908288 3
55268302.9845862 2
54168461.76519293 3
57535432.533167824 0
58116599.52845235 0
58703636.89742662 2
57535432.533167824 2
58116599.52845235 0
58703636.89742662 2
58116599.52845235 1
57535432.533167824 1
58116599.52845235 0
58703636.89742662 0
59296603.936794564 0
59895560.54221673 0
60500567.214360334 0
61111685.065010436 3
62352501.841659464 3
63618512.22493569 3
67572872.4789332 2
66228170.32660242 0
66897142.754143864 0
67572872.4789332 0
68255427.75649819 0
68944877.53181635 2
68255427.75649819 1
67572872.4789332 1
71773025.03288072 2
72498006.09381892 0
73230310.19577669 0
73970011.30886534 0
74717184.15036903 2
67572872.4789332 0
68255427.75649819 0
68944877.53181635 3
68255427.75649819 1
67572872.4789332 2
68944877.53181635 2
64910227.747103035 3
65565887.6233364 0
66228170.32660242 2
62352501.841659464 3
61728975.823242866 1
61111685.065010436 1
57535432.533167824 3
56390475.43575778 3
55268302.9845862 0
55826569.6814002 0
56390475.43575778 2
49983652.973622866 0
50488539.367295824 0
50998525.62353113 0
51513663.25609206 2
50998525.62353113 1
50488539.367295824 1
49983652.973622866 1
40473137.741029635 3
44752266.12870242 2
47533951.73457488 3
50488539.367295824 2
52559601.312204935 3
54715618.95474034 2
54715618.95474034 3
58116599.52845235 2
58116599.52845235 2
58116599.52845235 2
61728975.823242866 3
62982326.10268633 3
64261124.46963201 3
66897142.754143864 2
65565887.6233364 2
66897142.754143864 2
68255427.75649819 2
72498006.09381892 2
73970011.30886534 2
69641291.44627914 3
68255427.75649819 2
65565887.6233364 3
65565887.6233364 2
62982326.10268633 3
58116599.52845235 3
56960077.20783614 3
55826569.6814002 2
50488539.367295824 2
40068405.363619335 0
40473137.741029635 0
40881958.32427236 3
41712029.70541001 3
44304742.46741539 2
47058611.21722913 0
47533951.73457488 0
48014093.67128775 0
48499085.52655329 0
48988976.28944777 0
49483815.44388664 0
49983652.973622866 2
53090507.38606559 0
53626776.147541 0
54168461.76519293 2
54715618.95474034 0
55268302.9845862 0
55826569.6814002 0
56390475.43575778 0
56960077.20783614 0
57535432.533167824 2
56960077.20783614 1
56390475.43575778 1
57535432.533167824 2
56390475.43575778 0
56960077.20783614 0
57535432.533167824 2
61111685.065010436 0
61728975.823242866 0
62352501.841659464 0
62982326.10268633 0
63618512.22493569 0
64261124.46963201 0
64910227.747103035 0
65565887.6233364 0
66228170.32660242 2
65565887.6233364 1
64910227.747103035 2
66228170.32660242 2
67572872.4789332 2
68255427.75649819 0
68944877.53181635 0
69641291.44627914 0
70344739.8447264 0
71055293.78255191 0
71773025.03288072 2
72498006.09381892 0
73230310.19577669 2
72498006.09381892 1
71773025.03288072 1
71055293.78255191 1
70344739.8447264 1
66228170.32660242 3
67572872.4789332 2
66897142.754143864 1
66228170.32660242 1
64910227.747103035 2
64261124.46963201 1
63618512.22493569 1
59895560.54221673 3
59296603.936794564 1
58703636.89742662 1
57535432.533167824 3
56960077.20783614 1
56390475.43575778 1
55268302.9845862 2
54715618.95474034 1
54168461.76519293 1
48988976.28944777 3
49983652.973622866 2
49483815.44388664 1
48988976.28944777 1
41294908.408355914 3
42133364.348899 3
41712029.70541001 1
46588024.10505684 2
47533951.73457488 2
52559601.312204935 2
54715618.95474034 2
55826569.6814002 2
55826569.6814002 2
62982326.10268633 2
65565887.6233364 2
64261124.46963201 2
63618512.22493569 1
66897142.754143864 2
68255427.75649819 2
71055293.78255191 2
72498006.09381892 2
71055293.78255191 2
69641291.44627914 2
66897142.754143864 3
66228170.32660242 2
64261124.46963201 2
60500567.214360334 3
58116599.52845235 3
54715618.95474034 2
49483815.44388664 3
49483815.44388664 2
48499085.52655329 2
40881958.32427236 0
41294908.408355914 0
41712029.70541001 0
42133364.348899 0
42558954.897877775 3
45204310.231012546 0
45660920.435366206 0
46122142.864006266 2
46588024.10505684 0
47058611.21722913 2
46588024.10505684 1
46122142.864006266 1
47058611.21722913 3
52034004.29908288 2
50998525.62353113 3
54168461.76519293 2
53626776.147541 1
53090507.38606559 1
52559601.312204935 1
52034004.29908288 1
55268302.9845862 2
54168461.76519293 0
54715618.95474034 0
55268302.9845862 3
58703636.89742662 0
59296603.936794564 0
59895560.54221673 0
60500567.214360334 0
61111685.065010436 0
61728975.823242866 0
62352501.841659464 2
62982326.10268633 0
63618512.22493569 0
64261124.46963201 0
64910227.747103035 2
63618512.22493569 2
62352501.841659464 3
66228170.32660242 2
66897142.754143864 0
67572872.4789332 2
68255427.75649819 0
68944877.53181635 0
69641291.44627914 0
70344739.8447264 2
71055293.78255191 0
71773025.03288072 2
71055293.78255191 1
70344739.8447264 2
68944877.53181635 2
68255427.75649819 1
67572872.4789332 1
63618512.22493569 3
62352501.841659464 0
62982326.10268633 0
63618512.22493569 2
62982326.10268633 1
62352501.841659464 1
61728975.823242866 1
61111685.065010436 1
60500567.214360334 1
59895560.54221673 1
59296603.936794564 1
58703636.89742662 1
58116599.52845235 1
57535432.533167824 1
54168461.76519293 3
48988976.28944777 0
49483815.44388664 0
49983652.973622866 3
48988976.28944777 3
48014093.67128775 3
42988844.34129068 3
44752266.12870242 2
45660920.435366206 2
46588024.10505684 2
47058611.21722913 0
47533951.73457488 3
51513663.25609206 2
51513663.25609206 3
53626776.147541 2
52034004.29908288 2
53090507.38606559 3
55826569.6814002 3
59296603.936794564 2
61728975.823242866 2
61111685.065010436 3
62982326.10268633 3
65565887.6233364 2
66897142.754143864 2
64261124.46963201 3
56960077.20783614 2
54715618.95474034 3
50488539.367295824 3
49483815.44388664 3
48499085.52655329 3
38489546.37895633 3
42558954.897877775 0
42988844.34129068 0
43423076.102313824 0
43861694.04274124 0
44304742.46741539 2
44752266.12870242 0
45204310.231012546 3
46122142.864006266 3
47058611.21722913 3
48014093.67128775 3
50998525.62353113 2
52034004.29908288 0
52559601.312204935 0
53090507.38606559 2
49983652.973622866 3
53090507.38606559 0
53626776.147541 0
54168461.76519293 0
54715618.95474034 0
55268302.9845862 0
55826569.6814002 0
56390475.43575778 0
56960077.20783614 0
57535432.533167824 0
58116599.52845235 0
58703636.89742662 2
59895560.54221673 0
60500567.214360334 0
61111685.065010436 2
60500567.214360334 1
59895560.54221673 1
61111685.065010436 0
61728975.823242866 0
62352501.841659464 0
62982326.10268633 0
63618512.22493569 0
64261124.46963201 0
64910227.747103035 2
64261124.46963201 1
63618512.22493569 1
62982326.10268633 1
62352501.841659464 1
61728975.823242866 1
61111685.065010436 1
60500567.214360334 1
59895560.54221673 1
59296603.936794564 1
58703636.89742662 3
64910227.747103035 0
65565887.6233364 0
66228170.32660242 2
65565887.6233364 1
64910227.747103035 1
64261124.46963201 1
63618512.22493569 1
62982326.10268633 1
62352501.841659464 1
61728975.823242866 1
61111685.065010436 1
60500567.214360334 1
59895560.54221673 1
59296603.936794564 1
58703636.89742662 1
55268302.9845862 0
55826569.6814002 0
56390475.43575778 2
55826569.6814002 1
55268302.9845862 1
52034004.29908288 3
51513663.25609206 1
50998525.62353113 1
50488539.367295824 1
49983652.973622866 1
49483815.44388664 1
48988976.28944777 1
38878330.68581448 3
43861694.04274124 2
45660920.435366206 3
46588024.10505684 3
47533951.73457488 3
48499085.52655329 3
50488539.367295824 2
52559601.312204935 2
50488539.367295824 3
52559601.312204935 2
54715618.95474034 2
56960077.20783614 2
59296603.936794564 2
59895560.54221673 2
61728975.823242866 2
64261124.46963201 2
61728975.823242866 2
59296603.936794564 2
59296603.936794564 3
64261124.46963201 2
61728975.823242866 2
59296603.936794564 2
55826569.6814002 2
52559601.312204935 3
48988976.28944777 2
39271042.10688331 3
39667720.30998314 0
40068405.363619335 3
40881958.32427236 3
43423076.102313824 2
46122142.864006266 0
46588024.10505684 0
47058611.21722913 0
47533951.73457488 0
48014093.67128775 0
48499085.52655329 0
48988976.28944777 0
49483815.44388664 0
49983652.973622866 2
50488539.367295824 0
50998525.62353113 0
51513663.25609206 0
52034004.29908288 2
50998525.62353113 0
51513663.25609206 0
52034004.29908288 2
51513663.25609206 1
50998525.62353113 1
54168461.76519293 2
55268302.9845862 0
55826569.6814002 0
56390475.43575778 2
57535432.533167824 0
58116599.52845235 0
58703636.89742662 2
58703636.89742662 0
59296603.936794564 2
58703636.89742662 1
58116599.52845235 1
57535432.533167824 1
61111685.065010436 2
40068405.363619335 3
63618512.22493569 2
62982326.10268633 1
62352501.841659464 1
61728975.823242866 1
61111685.065010436 2
60500567.214360334 1
59895560.54221673 1
58703636.89742662 2
59895560.54221673 3
63618512.22493569 2
62982326.10268633 1
62352501.841659464 1
61728975.823242866 1
61111685.065010436 1
59895560.54221673 0
60500567.214360334 0
61111685.065010436 2
57535432.533167824 0
58116599.52845235 0
58703636.89742662 2
48988976.28944777 0
49483815.44388664 0
49983652.973622866 3
55268302.9845862 2
54715618.95474034 1
54168461.76519293 1
53626776.147541 1
53090507.38606559 1
52559601.312204935 1
52034004.29908288 1
48014093.67128775 0
48499085.52655329 2
48014093.67128775 1
39667720.30998314 3
40473137.741029635 3
41294908.408355914 3
42988844.34129068 2
47533951.73457488 2
48499085.52655329 2
49483815.44388664 2
50488539.367295824 2
48988976.28944777 3
50998525.62353113 2
50488539.367295824 2
54715618.95474034 2
55826569.6814002 2
58116599.52845235 2
58116599.52845235 2
56960077.20783614 2
40473137.741029635 3
60500567.214360334 3
62982326.10268633 2
61728975.823242866 2
60500567.214360334 2
59296603.936794564 2
58116599.52845235 2
50488539.367295824 3
54715618.95474034 2
53626776.147541 2
47533951.73457488 2
40068405.363619335 0
40473137.741029635 0
40881958.32427236 0
41294908.408355914 0
41712029.70541001 0
42133364.348899 0
42558954.897877775 3
45204310.231012546 0
45660920.435366206 0
46122142.864006266 0
46588024.10505684 0
47058611.21722913 2
48014093.67128775 2
48499085.52655329 0
48988976.28944777 2
49983652.973622866 2
48988976.28944777 0
49483815.44388664 0
49983652.973622866 0
50488539.367295824 2
49983652.973622866 1
49983652.973622866 3
53090507.38606559 0
53626776.147541 0
54168461.76519293 2
55268302.9845862 2
44304742.46741539 3
56390475.43575778 0
56960077.20783614 0
57535432.533167824 2
57535432.533167824 2
56390475.43575778 2
53090507.38606559 3
40881958.32427236 0
41294908.408355914 0
41712029.70541001 0
42133364.348899 0
42558954.897877775 0
42988844.34129068 0
43423076.102313824 3
56390475.43575778 3
59895560.54221673 0
60500567.214360334 0
61111685.065010436 0
61728975.823242866 0
62352501.841659464 2
61111685.065010436 2
60500567.214360334 1
59895560.54221673 2
58703636.89742662 2
55268302.9845862 3
56390475.43575778 0
56960077.20783614 0
57535432.533167824 2
49983652.973622866 0
50488539.367295824 0
50998525.62353113 3
54168461.76519293 2
53090507.38606559 2
52559601.312204935 1
52034004.29908288 1
43423076.102313824 3
42988844.34129068 1
42558954.897877775 1
47058611.21722913 2
42988844.34129068 3
44752266.12870242 2
46588024.10505684 2
49483815.44388664 2
50488539.367295824 3
52559601.312204935 2
53626776.147541 2
54715618.95474034 2
44752266.12870242 3
55826569.6814002 2
53626776.147541 3
41294908.408355914 2
43861694.04274124 3
56960077.20783614 3
59296603.936794564 2
61728975.823242866 2
59296603.936794564 2
58116599.52845235 2
55826569.6814002 3
55826569.6814002 2
49483815.44388664 2
51513663.25609206 3
53626776.147541 2
43861694.04274124 3
46588024.10505684 2
39271042.10688331 3
38878330.68581448 1
38489546.37895633 1
38104649.915166765 1
37723602.416015096 1
43423076.102313824 0
43861694.04274124 0
44304742.46741539 2
45204310.231012546 0
45660920.435366206 0
46122142.864006266 2
45660920.435366206 1
45204310.231012546 1
46122142.864006266 0
46588024.10505684 0
47058611.21722913 0
47533951.73457488 0
48014093.67128775 0
48499085.52655329 0
48988976.28944777 2
49483815.44388664 0
49983652.973622866 0
50488539.367295824 0
50998525.62353113 0
51513663.25609206 0
52034004.29908288 2
53090507.38606559 2
54168461.76519293 2
45204310.231012546 3
44752266.12870242 1
44304742.46741539 1
47058611.21722913 3
54168461.76519293 0
54715618.95474034 0
55268302.9845862 2
54715618.95474034 1
54168461.76519293 1
53626776.147541 1
53090507.38606559 1
40881958.32427236 2
43423076.102313824 3
44304742.46741539 3
57535432.533167824 0
58116599.52845235 0
58703636.89742662 2
59296603.936794564 0
59895560.54221673 0
60500567.214360334 0
61111685.065010436 2
60500567.214360334 1
59895560.54221673 1
59296603.936794564 1
58703636.89742662 2
58116599.52845235 1
57535432.533167824 2
56960077.20783614 1
56390475.43575778 1
55268302.9845862 2
52034004.29908288 3
48988976.28944777 2
52034004.29908288 0
52559601.312204935 0
53090507.38606559 2
49983652.973622866 3
49483815.44388664 1
48988976.28944777 1
44304742.46741539 0
44752266.12870242 0
45204310.231012546 0
45660920.435366206 0
46122142.864006266 2
39667720.30998314 3
43861694.04274124 2
44752266.12870242 2
45660920.435366206 2
45660920.435366206 2
47533951.73457488 2
48499085.52655329 2
51513663.25609206 2
44304742.46741539 3
45660920.435366206 3
47533951.73457488 3
54715618.95474034 2
53626776.147541 2
43861694.04274124 3
44752266.12870242 3
60500567.214360334 2
59296603.936794564 2
55826569.6814002 2
54715618.95474034 2
52559601.312204935 3
52559601.312204935 2
50488539.367295824 3
43861694.04274124 2
45660920.435366206 2
40068405.363619335 0
40473137.741029635 0
40881958.32427236 0
41294908.408355914 0
41712029.70541001 0
42133364.348899 0
42558954.897877775 0
42988844.34129068 0
43423076.102313824 2
43861694.04274124 0
44304742.46741539 2
44752266.12870242 0
45204310.231012546 2
44304742.46741539 0
44752266.12870242 0
45204310.231012546 2
46122142.864006266 0
46588024.10505684 0
47058611.21722913 2
48014093.67128775 2
41712029.70541001 3
49983652.973622866 0
50488539.367295824 0
50998525.62353113 2
44304742.46741539 0
44752266.12870242 0
45204310.231012546 0
45660920.435366206 0
46122142.864006266 3
47058611.21722913 3
47533951.73457488 0
48014093.67128775 3
48499085.52655329 0
48988976.28944777 3
54168461.76519293 2
53090507.38606559 2
46122142.864006266 0
46588024.10505684 0
47058611.21722913 3
44304742.46741539 0
44752266.12870242 0
45204310.231012546 3
44752266.12870242 1
44304742.46741539 1
43423076.102313824 3
40881958.32427236 3
59895560.54221673 2
58703636.89742662 2
50998525.62353113 0
51513663.25609206 0
52034004.29908288 3
55268302.9845862 2
54168461.76519293 2
53626776.147541 1
53090507.38606559 1
44304742.46741539 3
50998525.62353113 0
51513663.25609206 0
52034004.29908288 2
51513663.25609206 1
50998525.62353113 1
50488539.367295824 1
49983652.973622866 1
43423076.102313824 3
42988844.34129068 1
42558954.897877775 1
45204310.231012546 2
39667720.30998314 2
41294908.408355914 2
42133364.348899 2
42988844.34129068 2
44752266.12870242 2
45660920.435366206 2
35516016.98658875 3
42133364.348899 3
46588024.10505684 3
47533951.73457488 3
48499085.52655329 3
49483815.44388664 3
53626776.147541 2
47533951.73457488 3
45660920.435366206 3
43861694.04274124 3
41294908.408355914 3
50488539.367295824 2
52559601.312204935 3
54715618.95474034 2
53626776.147541 2
44752266.12870242 3
50488539.367295824 2
43861694.04274124 3
42133364.348899 2
39271042.10688331 2
25748386.42485553 3
40881958.32427236 2
41712029.70541001 2
42558954.897877775 2
43423076.102313824 0
43861694.04274124 0
44304742.46741539 2
43861694.04274124 1
43423076.102313824 1
42988844.34129068 1
42558954.897877775 1
45204310.231012546 2
36237138.02325145 3
35874765.64301894 1
35516016.98658875 1
42558954.897877775 0
42988844.34129068 0
43423076.102313824 0
43861694.04274124 0
44304742.46741539 0
44752266.12870242 0
45204310.231012546 0
45660920.435366206 0
46122142.864006266 0
46588024.10505684 0
47058611.21722913 0
47533951.73457488 0
48014093.67128775 0
48499085.52655329 0
48988976.28944777 0
49483815.44388664 0
49983652.973622866 3
53090507.38606559 2
52559601.312204935 1
52034004.29908288 1
47058611.21722913 0
47533951.73457488 0
48014093.67128775 3
47533951.73457488 1
47058611.21722913 3
46588024.10505684 1
46122142.864006266 1
45660920.435366206 1
45204310.231012546 1
44752266.12870242 1
44304742.46741539 1
41712029.70541001 3
41294908.408355914 1
40881958.32427236 1
48988976.28944777 0
49483815.44388664 0
49983652.973622866 2
53090507.38606559 0
53626776.147541 0
54168461.76519293 2
53090507.38606559 2
44304742.46741539 0
44752266.12870242 0
45204310.231012546 0
45660920.435366206 0
46122142.864006266 3
48988976.28944777 0
49483815.44388664 0
49983652.973622866 2
49483815.44388664 1
48988976.28944777 1
44304742.46741539 3
41712029.70541001 2
41294908.408355914 1
40881958.32427236 3
26008472.14631872 3
42133364.348899 2
43861694.04274124 2
44752266.12870242 2
36603170.730557024 3
40881958.32427236 3
42988844.34129068 2
44752266.12870242 2
47533951.73457488 2
50488539.367295824 3
52559601.312204935 2
48499085.52655329 3
47533951.73457488 3
44752266.12870242 2
42133364.348899 3
49483815.44388664 2
53626776.147541 2
53090507.38606559 1
52559601.312204935 2
44304742.46741539 2
46588024.10505684 3
48499085.52655329 2
49483815.44388664 2
44752266.12870242 3
41294908.408355914 3
25748386.42485553 3
26271184.996281534 3
26804598.49635908 3
40881958.32427236 0
41294908.408355914 0
41712029.70541001 2
27348842.4511367 3
43423076.102313824 2
42988844.34129068 1
42558954.897877775 1
43423076.102313824 0
43861694.04274124 0
44304742.46741539 2
36972900.73793639 3
40881958.32427236 0
41294908.408355914 0
41712029.70541001 0
42133364.348899 0
42558954.897877775 2
43423076.102313824 0
43861694.04274124 0
44304742.46741539 2
43423076.102313824 3
46122142.864006266 0
46588024.10505684 0
47058611.21722913 2
46588024.10505684 1
46122142.864006266 1
50998525.62353113 0
51513663.25609206 0
52034004.29908288 2
51513663.25609206 1
50998525.62353113 1
50488539.367295824 1
49983652.973622866 1
49483815.44388664 1
48988976.28944777 1
48499085.52655329 1
48014093.67128775 1
38489546.37895633 3
44304742.46741539 2
43861694.04274124 1
43423076.102313824 1
42988844.34129068 1
42558954.897877775 3
47058611.21722913 0
47533951.73457488 0
48014093.67128775 0
48499085.52655329 0
48988976.28944777 2
52034004.29908288 0
52559601.312204935 0
53090507.38606559 2
52034004.29908288 2
51513663.25609206 1
50998525.62353113 1
46122142.864006266 0
46588024.10505684 0
47058611.21722913 3
48014093.67128775 2
48988976.28944777 2
46122142.864006266 3
45660920.435366206 1
45204310.231012546 1
44752266.12870242 1
44304742.46741539 1
41712029.70541001 3
26008472.14631872 3
26536551.511395488 3
27075353.026625335 3
27625094.395087577 3
42133364.348899 2
37346365.39185494 3
41294908.408355914 2
43861694.04274124 2
43861694.04274124 3
46588024.10505684 2
50488539.367295824 2
51513663.25609206 2
50488539.367295824 2
49483815.44388664 2
38878330.68581448 3
42988844.34129068 3
46588024.10505684 2
47533951.73457488 2
48499085.52655329 2
52559601.312204935 2
51513663.25609206 2
47533951.73457488 3
47533951.73457488 2
48499085.52655329 2
46588024.10505684 3
43861694.04274124 2
42133364.348899 3
26271184.996281534 0
26536551.511395488 0
26804598.49635908 3
27348842.4511367 3
27075353.026625335 1
26804598.49635908 1
28470705.798096854 3
28185997.740115885 1
27904136.762714725 1
27348842.4511367 3
41712029.70541001 2
36237138.02325145 3
36972900.73793639 3
37723602.416015096 0
38104649.915166765 0
38489546.37895633 3
40881958.32427236 2
41294908.408355914 0
41712029.70541001 0
42133364.348899 0
42558954.897877775 0
42988844.34129068 0
43423076.102313824 2
44304742.46741539 0
44752266.12870242 0
45204310.231012546 0
45660920.435366206 0
46122142.864006266 2
45660920.435366206 1
45204310.231012546 1
49983652.973622866 2
50998525.62353113 2
49983652.973622866 2
48988976.28944777 2
37723602.416015096 3
38489546.37895633 0
38878330.68581448 0
39271042.10688331 3
41712029.70541001 0
42133364.348899 0
42558954.897877775 0
42988844.34129068 0
43423076.102313824 3
46122142.864006266 2
47058611.21722913 2
47533951.73457488 0
48014093.67128775 2
48499085.52655329 0
48988976.28944777 3
52034004.29908288 2
51513663.25609206 1
50998525.62353113 2
50488539.367295824 1
49983652.973622866 1
49483815.44388664 1
48988976.28944777 1
48499085.52655329 1
48014093.67128775 1
47533951.73457488 1
47058611.21722913 2
47533951.73457488 0
48014093.67128775 2
47533951.73457488 1
47058611.21722913 1
42558954.897877775 3
42988844.34129068 0
43423076.102313824 2
42988844.34129068 1
42558954.897877775 1
27075353.026625335 3
27625094.395087577 3
28758289.695047326 3
27625094.395087577 3
41294908.408355914 2
36603170.730557024 3
37346365.39185494 3
38878330.68581448 3
40473137.741029635 2
42988844.34129068 2
44304742.46741539 2
44752266.12870242 2
49483815.44388664 2
38104649.915166765 3
39667720.30998314 3
43861694.04274124 3
45660920.435366206 2
46588024.10505684 2
47533951.73457488 2
49483815.44388664 3
51513663.25609206 2
50488539.367295824 2
48988976.28944777 2
47533951.73457488 2
47533951.73457488 2
42988844.34129068 3
25748386.42485553 3
27348842.4511367 0
27625094.395087577 0
27904136.762714725 0
28185997.740115885 0
28470705.798096854 0
28758289.695047326 0
29048778.479845785 3
28758289.695047326 1
28470705.798096854 1
28185997.740115885 1
27904136.762714725 1
40881958.32427236 2
36972900.73793639 0
37346365.39185494 0
37723602.416015096 0
38104649.915166765 0
38489546.37895633 0
38878330.68581448 0
39271042.10688331 0
39667720.30998314 0
40068405.363619335 2
37723602.416015096 3
37346365.39185494 1
36972900.73793639 1
42558954.897877775 2
42988844.34129068 0
43423076.102313824 0
43861694.04274124 2
43423076.102313824 1
42988844.34129068 1
43423076.102313824 0
43861694.04274124 0
44304742.46741539 2
43861694.04274124 1
43423076.102313824 1
42988844.34129068 1
42558954.897877775 1
48988976.28944777 2
37723602.416015096 0
38104649.915166765 0
38489546.37895633 0
38878330.68581448 0
39271042.10688331 0
39667720.30998314 0
40068405.363619335 3
40473137.741029635 0
40881958.32427236 0
41294908.408355914 0
41712029.70541001 3
44304742.46741539 0
44752266.12870242 0
45204310.231012546 2
46122142.864006266 2
46588024.10505684 0
47058611.21722913 2
49983652.973622866 0
50488539.367295824 0
50998525.62353113 2
50488539.367295824 1
49983652.973622866 2
49483815.44388664 1
48988976.28944777 1
46122142.864006266 3
47058611.21722913 2
46122142.864006266 0
46588024.10505684 0
47058611.21722913 2
46588024.10505684 1
46122142.864006266 1
43423076.102313824 3
39271042.10688331 3
38878330.68581448 1
38489546.37895633 1
26008472.14631872 3
27075353.026625335 2
27625094.395087577 2
29342201.49479372 3
38878330.68581448 2
38104649.915166765 3
42133364.348899 2
42988844.34129068 2
42988844.34129068 2
43861694.04274124 2
42988844.34129068 2
40473137.741029635 3
42133364.348899 3
43861694.04274124 2
45660920.435366206 2
49483815.44388664 2
50488539.367295824 2
49483815.44388664 2
48499085.52655329 2
46588024.10505684 3
45660920.435366206 2
46588024.10505684 2
43861694.04274124 3
39667720.30998314 3
26271184.996281534 0
26536551.511395488 0
26804598.49635908 2
27348842.4511367 2
29048778.479845785 3
29342201.49479372 0
29638588.378579516 0
29937969.06927224 0
30240373.807345696 3
29937969.06927224 1
29638588.378579516 1
34116540.26801037 0
34461152.795970075 0
34809246.25855563 3
35516016.98658875 3
36237138.02325145 3
38489546.37895633 2
37723602.416015096 3
38489546.37895633 0
38878330.68581448 0
39271042.10688331 3
41712029.70541001 2
42133364.348899 0
42558954.897877775 2
42133364.348899 1
42558954.897877775 2
42133364.348899 1
41712029.70541001 1
43423076.102313824 2
42558954.897877775 2
40068405.363619335 3
39271042.10688331 3
38878330.68581448 1
38489546.37895633 1
38104649.915166765 1
37723602.416015096 3
38489546.37895633 3
40881958.32427236 0
41294908.408355914 0
41712029.70541001 0
42133364.348899 0
42558954.897877775 0
42988844.34129068 0
43423076.102313824 2
43861694.04274124 0
44304742.46741539 0
44752266.12870242 0
45204310.231012546 2
44752266.12870242 1
44304742.46741539 1
48988976.28944777 2
49983652.973622866 2
48988976.28944777 2
48014093.67128775 2
47533951.73457488 1
47058611.21722913 1
46588024.10505684 1
46122142.864006266 1
45204310.231012546 2
45660920.435366206 0
46122142.864006266 2
45660920.435366206 1
45204310.231012546 1
44752266.12870242 1
44304742.46741539 1
40068405.363619335 3
39667720.30998314 1
39271042.10688331 1
26536551.511395488 2
29342201.49479372 3
30545833.138733026 3
35160855.816722855 3
35874765.64301894 3
36603170.730557024 3
38104649.915166765 2
38104649.915166765 3
39667720.30998314 3
41294908.408355914 2
42133364.348899 2
42133364.348899 2
42988844.34129068 2
42558954.897877775 1
42133364.348899 2
40473137.741029635 3
39667720.30998314 3
38104649.915166765 3
38878330.68581448 3
42133364.348899 2
42988844.34129068 2
44752266.12870242 2
47533951.73457488 2
46588024.10505684 2
44752266.12870242 2
40473137.741029635 3
27904136.762714725 3
26271184.996281534 2
29048778.479845785 0
29342201.49479372 0
29638588.378579516 0
29937969.06927224 0
30240373.807345696 3
30854377.917912148 3
30545833.138733026 1
30240373.807345696 1
32120039.57658657 3
35516016.98658875 0
35874765.64301894 0
36237138.02325145 0
36603170.730557024 0
36972900.73793639 0
37346365.39185494 0
37723602.416015096 2
38104649.915166765 0
38489546.37895633 0
38878330.68581448 0
39271042.10688331 0
39667720.30998314 0
40068405.363619335 0
40473137.741029635 0
40881958.32427236 2
41712029.70541001 2
41294908.408355914 1
41712029.70541001 2
40068405.363619335 3
42558954.897877775 2
41712029.70541001 2
41294908.408355914 1
40881958.32427236 1
40473137.741029635 1
40068405.363619335 1
39667720.30998314 1
39271042.10688331 1
38489546.37895633 0
38878330.68581448 0
39271042.10688331 0
39667720.30998314 0
40068405.363619335 0
40473137.741029635 0
40881958.32427236 0
41294908.408355914 0
41712029.70541001 2
42558954.897877775 2
38489546.37895633 3
44304742.46741539 2
43423076.102313824 0
43861694.04274124 0
44304742.46741539 0
44752266.12870242 0
45204310.231012546 0
45660920.435366206 0
46122142.864006266 0
46588024.10505684 0
47058611.21722913 2
46122142.864006266 2
43423076.102313824 3
42988844.34129068 1
42558954.897877775 1
41712029.70541001 3
44304742.46741539 2
41712029.70541001 3
41294908.408355914 1
40881958.32427236 1
38489546.37895633 3
28185997.740115885 3
30545833.138733026 3
31166039.31102237 3
32444485.430895526 3
37346365.39185494 2
38878330.68581448 2
39667720.30998314 2
41294908.408355914 2
41294908.408355914 2
40473137.741029635 3
42133364.348899 2
41294908.408355914 2
40473137.741029635 2
38878330.68581448 2
38104649.915166765 2
38878330.68581448 2
40473137.741029635 2
38878330.68581448 3
43861694.04274124 2
44752266.12870242 2
45660920.435366206 2
43861694.04274124 3
42133364.348899 3
43861694.04274124 2
42133364.348899 3
38878330.68581448 3
28470705.798096854 0
28758289.695047326 0
29048778.479845785 0
29342201.49479372 0
29638588.378579516 0
29937969.06927224 0
30240373.807345696 0
30545833.138733026 0
30854377.917912148 3
31166039.31102237 0
31480848.799012497 3
31166039.31102237 1
30854377.917912148 1
32772208.516056087 0
33103241.93541019 0
33437619.12667696 3
35516016.98658875 0
35874765.64301894 0
36237138.02325145 0
36603170.730557024 0
36972900.73793639 2
36603170.730557024 1
36237138.02325145 1
38489546.37895633 2
39271042.10688331 2
39667720.30998314 0
40068405.363619335 0
40473137.741029635 0
40881958.32427236 2
40473137.741029635 1
40881958.32427236 2
40473137.741029635 1
40881958.32427236 0
41294908.408355914 0
41712029.70541001 2
40881958.32427236 2
40068405.363619335 2
37723602.416015096 0
38104649.915166765 0
38489546.37895633 2
38104649.915166765 1
37723602.416015096 2
38489546.37895633 2
38878330.68581448 0
39271042.10688331 0
39667720.30998314 0
40068405.363619335 2
37723602.416015096 0
38104649.915166765 0
38489546.37895633 0
38878330.68581448 0
39271042.10688331 3
41712029.70541001 0
42133364.348899 0
42558954.897877775 0
42988844.34129068 0
43423076.102313824 2
43861694.04274124 0
44304742.46741539 2
43861694.04274124 1
43423076.102313824 1
42558954.897877775 3
45204310.231012546 2
44752266.12870242 1
44304742.46741539 1
43861694.04274124 1
43423076.102313824 1
42988844.34129068 1
42558954.897877775 1
42988844.34129068 0
43423076.102313824 2
42988844.34129068 1
42558954.897877775 1
40068405.363619335 3
39667720.30998314 1
39271042.10688331 1
28185997.740115885 2
28758289.695047326 2
29342201.49479372 2
31166039.31102237 3
31798838.180820704 3
33775373.865330264 3
35874765.64301894 2
35874765.64301894 2
38104649.915166765 2
38878330.68581448 2
40473137.741029635 2
40473137.741029635 2
40473137.741029635 2
38104649.915166765 2
38878330.68581448 2
37346365.39185494 2
38104649.915166765 2
39667720.30998314 3
41294908.408355914 2
43861694.04274124 2
42988844.34129068 2
42988844.34129068 3
44752266.12870242 2
43861694.04274124 2
42988844.34129068 2
42133364.348899 2
40473137.741029635 3
27904136.762714725 2
28470705.798096854 2
28758289.695047326 0
29048778.479845785 2
30854377.917912148 0
31166039.31102237 0
31480848.799012497 0
31798838.180820704 0
32120039.57658657 0
32444485.430895526 0
32772208.516056087 0
33103241.93541019 0
33437619.12667696 0
33775373.865330264 0
34116540.26801037 0
34461152.795970075 0
34809246.25855563 0
35160855.816722855 0
35516016.98658875 2
35160855.816722855 1
34809246.25855563 1
35160855.816722855 0
35516016.98658875 2
37723602.416015096 2
38489546.37895633 2
38489546.37895633 0
38878330.68581448 0
39271042.10688331 0
39667720.30998314 0
40068405.363619335 2
39667720.30998314 1
40068405.363619335 2
39667720.30998314 1
39271042.10688331 1
39667720.30998314 0
40068405.363619335 2
36237138.02325145 0
36603170.730557024 0
36972900.73793639 0
37346365.39185494 0
37723602.416015096 2
37346365.39185494 1
36972900.73793639 1
37723602.416015096 0
38104649.915166765 0
38489546.37895633 2
36237138.02325145 0
36603170.730557024 0
36972900.73793639 2
37723602.416015096 2
40068405.363619335 0
40473137.741029635 0
40881958.32427236 2
41294908.408355914 0
41712029.70541001 0
42133364.348899 0
42558954.897877775 0
42988844.34129068 0
43423076.102313824 2
42558954.897877775 2
42988844.34129068 0
43423076.102313824 0
43861694.04274124 0
44304742.46741539 2
43861694.04274124 1
43423076.102313824 2
42558954.897877775 2
42133364.348899 1
41712029.70541001 1
40881958.32427236 0
41294908.408355914 0
41712029.70541001 2
41294908.408355914 1
40881958.32427236 1
40473137.741029635 1
40068405.363619335 1
iterations 137
